3 10.0 336.5 19.75 51.0
3 17.0 500.5 34.0 67.0
3 19.0 610.5 38.0 57.0
3 23.0 386.0 45.5 48.5
3 14.0 435.0 24.25 46.5
3 27.0 275.0 39.0 41.0
3 30.5 193.0 42.0 33.0
3 42.0 435.0 48.5 70.25
3 44.0 559.0 44.5 58.5
3 46.0 350.0 43.5 70.5
3 42.0 313.5 27.5 33.0
3 59.0 497.0 44.0 74.5
3 61.0 605.0 48.25 52.0
3 56.0 170.0 25.75 36.5
3 75.0 381.5 41.75 51.0
3 72.0 205.5 28.0 41.0
3 80.5 327.5 35.0 49.25
3 85.5 553.5 38.75 63.0
3 90.0 435.0 44.0 57.0
3 89.0 175.5 16.5 26.0
3 99.0 366.5 33.0 45.5
3 108.5 597.5 41.5 52.0
3 104.5 283.0 27.0 47.0
3 110.0 476.0 35.5 56.5
3 105.0 208.5 24.0 40.0
3 120.0 321.0 38.5 48.5
3 127.5 540.5 43.5 60.0
3 126.0 424.0 37.75 54.25
3 117.5 181.5 15.25 30.0
3 136.0 212.5 23.0 25.0
3 144.5 588.5 38.5 70.5
3 147.5 465.0 39.5 57.5
3 145.5 293.0 31.0 29.75
3 139.5 187.5 15.0 15.0
3 150.0 377.5 29.5 46.0
3 156.5 325.5 29.5 53.0
3 162.5 414.5 37.0 51.0
3 170.0 536.0 47.0 69.5
3 166.5 211.0 23.25 22.25
3 165.0 184.5 17.0 8.5
3 174.5 289.0 25.0 37.5
3 187.5 458.0 33.0 48.5
3 184.0 372.5 23.5 33.0
3 184.5 314.5 22.0 61.0
3 190.0 571.5 31.0 67.0
3 196.0 217.5 28.25 37.0
3 199.0 409.5 30.25 41.0
3 207.5 523.0 41.5 58.0
3 202.0 286.0 27.0 18.5
3 214.0 244.5 37.0 37.0
3 220.0 375.5 27.0 32.0
3 222.0 335.5 31.5 55.25
3 225.0 461.0 37.5 49.75
3 227.0 564.0 37.75 44.0
3 230.0 217.5 31.75 37.0
3 233.0 413.5 29.5 40.75
3 234.0 284.5 27.0 38.5
3 242.5 510.5 34.5 59.0
3 243.0 247.5 20.25 35.25
3 248.0 372.0 19.5 39.5
3 255.5 454.5 29.5 48.5
3 261.0 281.0 32.0 46.0
3 264.0 416.0 36.25 63.75
3 262.5 213.5 28.75 29.25
3 273.0 338.5 22.5 42.5
3 275.5 253.0 24.5 54.5
3 280.0 442.5 19.0 20.0
3 286.5 377.5 27.0 46.0
3 293.0 271.0 27.0 33.0
3 301.5 406.5 29.5 37.5
3 301.0 346.5 27.0 40.5
3 316.0 380.0 17.0 48.5
3 492.5 299.0 27.5 29.5
3 494.0 333.0 19.5 36.5
3 503.5 354.0 25.25 34.0
3 513.5 327.5 24.0 27.0
3 523.0 300.5 24.5 37.5
3 523.0 380.0 24.5 26.5
3 527.0 359.5 21.0 44.5
3 545.5 359.5 29.0 23.5
3 540.5 339.5 14.0 26.0
3 546.5 383.5 22.5 27.0
3 546.0 316.5 17.0 39.5
