3 36.5 502.0 58.75 54.0
3 57.5 430.0 38.0 22.0
3 64.5 468.0 12.0 10.0
3 73.0 478.5 10.0 6.5
3 83.5 499.0 13.5 9.5
3 91.5 473.5 14.75 12.0
3 128.5 466.5 16.0 7.5
3 136.0 473.0 13.75 13.5
3 151.5 415.0 20.0 12.0
3 152.0 479.0 16.0 10.0
3 167.0 497.0 7.5 6.5
3 179.5 402.5 17.5 11.0
3 177.5 496.5 11.25 10.0
3 180.0 389.0 16.0 8.25
3 214.5 530.0 8.5 9.0
3 219.5 416.5 10.0 8.5
3 227.5 521.0 8.75 6.25
3 236.5 530.0 11.25 8.5
3 243.5 419.0 11.25 6.5
3 244.5 504.0 10.0 7.5
3 245.0 466.5 8.25 7.25
3 248.5 369.0 8.75 8.0
3 249.0 500.0 10.0 5.5
3 265.0 469.0 24.25 27.75
3 263.5 382.0 13.5 16.5
3 266.5 409.0 19.25 10.5
3 265.0 514.5 7.5 5.5
3 315.5 397.0 18.0 13.5
3 315.5 491.5 8.75 9.0
3 345.0 329.0 18.0 10.5
3 347.0 420.0 19.5 9.0
3 358.0 432.5 14.5 13.5
3 363.5 304.5 13.25 13.0
3 375.5 412.0 18.0 12.0
3 384.5 428.5 12.0 10.0
