3 9.0 546.5 12.0 17.0
3 9.0 522.5 13.5 31.25
3 12.5 500.5 19.25 30.75
3 24.5 532.0 17.5 43.5
3 23.0 484.5 10.5 36.5
3 45.5 581.0 15.0 24.0
3 43.5 602.0 8.0 18.0
3 46.0 486.5 7.0 23.5
3 51.5 468.5 17.0 30.5
3 64.0 527.0 15.0 30.5
3 73.0 587.5 6.25 23.25
3 84.0 535.5 15.0 22.0
3 89.0 602.0 15.5 18.0
3 90.5 519.0 18.5 28.0
3 96.0 563.5 22.0 28.0
3 100.5 535.0 17.0 32.0
3 114.0 589.0 35.0 35.0
3 111.0 625.5 19.5 18.0
3 127.0 547.5 22.0 23.25
3 127.5 524.0 23.0 18.25
3 136.0 627.0 25.5 23.5
3 136.5 574.0 17.0 40.25
3 152.5 532.0 15.0 26.25
3 166.5 581.5 21.0 35.5
3 170.5 542.5 21.0 30.5
3 173.0 611.5 19.0 34.0
3 189.5 621.0 20.0 37.0
3 187.5 565.5 13.5 29.0
3 200.5 546.5 17.0 35.0
3 207.5 578.5 19.0 29.0
3 208.5 614.5 18.0 40.0
3 225.5 559.0 17.0 28.0
3 244.5 541.5 15.0 42.0
3 253.0 581.5 17.0 35.5
3 271.0 597.5 20.0 26.5
3 275.0 556.0 23.0 40.0
3 280.0 623.5 26.0 22.0
3 285.5 539.0 20.0 38.0
3 299.5 602.5 23.0 33.5
3 304.5 533.5 21.25 26.75
3 308.5 561.0 24.5 29.0
3 316.5 624.5 16.75 19.0
3 318.5 511.5 9.25 18.0
3 326.5 540.5 23.0 26.5
3 328.0 609.5 24.5 33.0
3 332.5 576.0 20.5 36.5
3 346.5 627.5 27.0 22.0
3 346.0 597.0 23.5 30.25
3 351.0 528.5 22.5 36.75
3 352.5 554.0 21.0 35.75
3 358.5 621.0 23.0 26.25
3 374.5 594.0 23.25 24.5
3 373.0 562.5 17.0 43.5
3 375.5 521.5 22.0 23.0
3 387.0 616.0 34.5 25.0
3 391.0 551.0 17.5 35.75
3 392.0 587.5 19.5 40.75
3 394.0 526.5 15.0 29.0
3 410.0 607.0 16.5 25.5
3 415.0 550.0 23.0 37.0
3 436.5 540.5 25.0 26.5
3 453.0 501.5 25.0 35.0
3 465.0 510.5 19.75 28.0
3 488.0 484.5 39.0 52.5
3 490.0 524.0 23.5 15.5
3 517.0 522.5 25.0 31.5
3 532.0 498.0 24.0 33.75
