3 10.5 157.5 21.0 49.25
3 17.5 526.5 25.0 27.0
3 26.5 171.0 41.0 68.25
3 25.5 422.5 25.0 35.0
3 30.0 550.0 15.5 25.5
3 38.0 607.0 29.5 43.0
3 43.0 381.5 25.5 27.5
3 59.0 616.0 18.25 25.75
3 82.0 59.0 59.0 69.5
3 70.0 328.0 25.5 33.0
3 69.5 429.5 20.0 23.0
3 76.0 393.0 17.0 24.0
3 86.0 500.5 21.5 40.5
3 88.5 244.5 26.5 29.5
3 92.0 351.0 15.5 13.5
3 96.5 325.0 22.75 34.0
3 182.5 34.0 67.0 67.5
3 178.0 335.0 18.0 34.0
3 191.0 437.5 25.0 40.5
3 216.0 77.5 68.5 79.5
3 199.0 326.5 14.0 35.25
3 221.5 328.5 29.5 54.0
3 222.5 372.5 23.0 36.5
3 236.0 406.0 28.5 31.5
3 254.5 221.5 43.0 49.25
3 259.5 479.5 12.75 19.25
3 285.5 372.5 21.0 36.75
3 284.5 498.5 17.0 22.5
3 303.0 574.0 25.5 49.5
3 312.0 621.0 16.5 30.5
3 334.5 393.0 17.25 24.0
3 355.5 424.5 25.0 27.0
3 359.0 395.0 26.5 46.5
3 394.5 222.5 34.5 40.5
3 415.0 183.0 19.75 38.25
3 438.0 184.5 27.75 35.0
3 447.0 222.0 29.5 32.5
3 458.0 134.0 36.5 49.75
3 460.5 603.5 21.5 19.5
3 469.0 235.0 25.75 33.5
3 476.5 208.5 19.0 23.0
3 479.0 378.5 24.0 46.75
3 504.0 621.0 24.0 24.0
3 506.0 248.5 20.0 26.75
3 516.0 482.0 29.5 37.5
3 523.5 198.0 25.25 37.75
3 533.5 234.5 29.0 36.75
3 578.5 369.0 36.5 42.0
3 599.0 201.0 37.5 29.5
3 599.0 178.0 27.5 48.5
