0 556.0 425.0 56.0 65.0
0 5.5 239.0 11.0 41.0
0 16.0 175.5 32.0 26.75
0 25.0 262.5 50.0 65.0
0 63.5 326.0 127.0 107.0
0 17.5 193.5 33.5 19.0
0 101.0 480.5 180.0 134.75
0 53.5 176.0 48.0 54.0
0 78.0 629.0 50.25 18.5
0 115.0 593.0 74.5 77.0
0 105.0 248.5 38.5 48.0
0 143.5 609.0 77.25 60.0
0 144.5 203.0 50.5 57.5
0 150.5 244.5 51.0 66.0
0 189.0 245.0 40.0 50.5
0 205.0 615.5 67.0 47.0
0 196.0 310.0 40.0 79.0
0 183.0 117.0 12.0 18.0
0 190.5 127.5 11.0 19.0
0 232.5 323.5 63.0 78.0
0 235.5 228.0 42.75 43.5
0 246.0 270.0 60.0 74.25
0 239.5 129.5 12.0 21.5
0 248.0 145.5 11.5 19.0
0 287.0 325.5 56.0 65.0
0 346.0 496.0 157.75 158.25
0 294.5 278.5 49.5 65.0
0 287.0 209.0 26.5 50.25
0 345.5 540.5 64.0 74.5
0 355.0 283.0 50.5 80.5
0 365.5 632.0 45.0 12.5
0 364.0 311.5 27.5 42.0
0 399.5 293.5 57.0 78.0
0 405.0 593.0 63.0 91.5
0 445.5 600.5 78.75 77.0
0 437.0 313.5 37.5 55.0
0 448.5 274.0 53.25 72.0
0 507.0 424.0 145.5 151.5
0 577.0 551.5 73.5 85.25
0 614.0 613.5 50.5 50.5
0 623.0 564.5 33.0 81.5
