2 32.5 349.0 65.0 234.5
2 118.0 405.5 46.0 300.0
2 187.0 324.5 58.5 491.25
2 220.0 244.5 4.5 12.0
2 237.0 228.5 5.0 11.5
2 243.5 234.5 6.5 10.0
2 280.0 279.0 75.5 386.0
2 338.0 377.5 35.5 158.0
2 343.5 238.0 8.0 14.0
2 360.5 268.0 7.0 10.0
2 364.0 380.5 5.0 10.0
2 368.0 261.0 4.5 6.5
2 369.5 384.5 6.0 10.0
2 369.0 411.5 3.5 11.5
2 371.5 404.0 5.0 10.0
2 396.5 415.5 27.0 184.0
2 515.5 417.5 130.5 412.5
2 600.5 347.5 78.75 416.0
2 625.5 110.5 11.0 22.0
2 628.5 137.0 11.0 22.0
2 635.0 105.5 9.5 20.75
2 636.5 149.5 6.75 23.25
2 637.5 122.5 4.0 13.0
