2 18.0 280.5 36.0 49.0
2 60.0 303.5 47.5 64.0
2 59.0 599.5 37.0 33.0
2 138.0 471.5 129.5 97.0
2 201.5 324.0 255.0 139.5
2 132.0 610.5 92.5 57.5
2 142.5 19.5 40.0 38.5
2 144.5 205.5 14.0 20.0
2 153.5 195.5 13.0 18.0
2 168.0 207.5 12.5 19.0
2 168.0 528.5 12.5 21.5
2 171.0 510.0 9.0 15.5
2 174.0 497.0 11.0 17.5
2 197.5 43.0 56.5 66.5
2 205.0 117.5 40.0 66.0
2 269.5 158.0 160.0 120.5
2 242.0 628.5 43.0 21.5
2 324.0 396.5 55.5 89.0
2 384.0 295.0 33.0 52.5
2 392.0 478.5 46.0 99.5
2 390.0 108.0 13.0 18.0
2 394.5 126.5 11.0 23.5
2 437.5 39.5 9.0 15.5
2 470.5 40.0 63.0 79.5
2 523.0 172.0 70.0 87.5
2 588.0 45.5 97.0 90.5
2 601.0 193.5 77.5 118.5
2 612.0 326.5 55.5 57.5
2 620.0 482.5 39.0 48.5
2 632.0 590.5 11.5 12.5
2 632.5 628.5 11.0 12.0
2 632.0 605.5 7.5 11.0
