3 81.5 417.5 37.0 51.25
3 96.0 336.5 44.5 65.5
3 100.5 254.5 33.5 63.0
3 107.5 385.0 25.5 45.5
3 120.0 442.5 45.0 48.0
3 125.0 232.5 33.5 44.0
3 127.0 301.5 38.5 47.0
3 142.0 361.0 38.25 49.5
3 154.5 281.5 38.75 58.0
3 162.0 407.5 48.25 59.25
3 162.0 450.5 29.75 15.0
3 178.0 317.0 43.5 62.25
3 182.5 237.0 43.0 65.5
3 188.5 367.0 39.0 66.0
3 195.0 436.0 38.0 59.0
3 213.5 451.0 34.0 16.0
3 213.0 346.5 24.25 55.0
3 220.0 250.0 37.0 69.0
3 224.5 311.0 31.0 57.5
3 236.0 423.5 47.0 54.0
3 247.5 367.0 49.0 59.0
3 257.0 452.0 37.0 22.0
3 258.5 306.0 32.0 63.5
3 267.5 244.0 45.0 66.0
3 277.0 417.5 44.25 74.0
3 293.5 349.5 38.0 54.0
3 290.0 204.5 29.5 59.5
3 294.5 295.5 23.5 37.0
3 322.5 310.0 47.0 55.0
3 319.5 255.5 39.0 72.5
3 325.5 387.0 43.0 62.25
3 327.0 440.5 44.5 51.5
3 334.0 338.5 35.5 39.25
3 397.0 397.0 22.0 48.0
3 401.5 339.0 31.0 62.5
3 404.0 457.0 20.5 70.0
3 413.0 219.5 38.5 69.25
3 415.0 288.5 40.0 72.5
3 435.0 382.5 38.25 57.0
3 436.5 452.0 41.25 74.0
3 449.5 328.5 40.0 66.5
3 460.0 261.0 34.5 47.0
3 478.0 455.5 46.0 59.5
3 474.0 300.0 30.0 65.75
3 483.0 236.5 32.0 44.75
3 505.0 335.5 38.5 66.0
3 503.5 271.5 25.5 55.0
3 505.0 454.0 18.0 59.75
3 512.0 379.0 27.5 38.5
3 523.5 419.5 23.25 54.0
3 531.5 215.0 37.0 60.0
3 530.5 296.0 29.5 57.5
3 543.0 451.5 40.25 51.25
3 545.5 347.0 29.0 44.5
3 558.0 397.5 28.5 42.0
3 568.5 242.0 32.0 41.0
3 578.0 290.0 44.25 55.5
3 587.0 338.0 44.25 55.5
3 581.5 454.0 27.0 44.0
3 591.0 385.5 41.0 70.0
3 615.0 472.0 49.5 55.5
3 612.5 335.5 17.0 48.0
3 622.0 428.5 35.5 29.25
3 619.5 391.5 20.75 37.0
