3 165.5 612.0 46.0 54.0
3 185.0 566.5 52.25 74.0
3 206.5 500.0 49.0 80.5
3 211.0 606.5 45.0 66.0
3 229.5 446.0 52.75 71.75
3 229.5 564.0 51.0 76.5
3 248.5 383.5 42.0 70.0
3 251.0 504.5 47.0 78.5
3 255.0 614.0 38.5 51.0
3 267.5 324.0 45.0 71.5
3 276.0 441.5 51.5 69.5
3 277.0 554.5 49.5 75.0
3 286.0 262.0 60.5 74.0
3 294.0 384.0 47.0 74.0
3 298.0 615.5 41.0 47.5
3 301.5 501.5 44.0 77.25
3 307.5 206.0 54.0 77.5
3 320.0 320.0 41.75 68.25
3 321.0 438.5 41.5 77.5
3 326.0 564.5 48.5 78.0
3 330.0 135.5 52.5 76.0
3 337.5 257.5 56.0 76.0
3 342.5 372.0 41.0 55.0
3 346.5 500.5 44.75 70.0
3 350.5 617.5 41.25 44.0
3 355.0 72.5 46.0 63.25
3 356.0 191.0 45.0 70.0
3 351.0 320.5 21.5 48.0
3 367.5 21.0 47.0 42.0
3 369.0 437.0 49.75 66.25
3 372.0 558.0 51.5 68.0
3 379.0 133.5 47.0 60.5
3 392.5 65.5 49.0 77.25
3 395.5 493.0 40.5 77.5
3 398.0 608.5 44.25 62.0
3 404.0 181.5 46.0 68.0
3 415.0 15.5 55.0 30.5
3 420.0 440.0 48.5 60.0
3 422.0 124.5 51.5 54.0
3 421.5 553.0 47.25 84.25
3 444.5 56.0 50.0 65.75
3 449.0 495.0 41.75 66.25
3 454.5 184.5 45.0 66.75
3 469.5 432.5 51.0 59.25
3 468.0 112.5 47.5 77.5
3 468.5 21.0 47.0 42.0
3 501.5 62.5 48.5 74.0
3 505.5 175.0 56.75 74.0
3 517.0 298.0 31.0 78.5
3 511.0 371.5 14.0 56.75
3 533.5 234.0 48.75 66.25
3 550.5 53.5 58.5 77.5
3 554.0 174.5 46.0 75.0
3 584.0 123.0 56.5 74.5
3 610.0 58.5 59.0 77.5
