0 3.5 565.5 7.0 23.0
0 6.0 516.5 12.0 35.0
0 13.5 469.0 26.0 33.5
0 14.5 504.0 28.5 39.0
0 6.0 543.5 9.0 28.0
0 24.5 449.5 25.5 26.0
0 55.5 577.5 85.5 59.0
0 36.0 491.0 23.5 33.0
0 34.0 460.0 19.0 11.5
0 33.0 435.5 10.0 9.0
0 34.5 444.5 11.0 24.5
0 39.5 534.5 18.0 20.0
0 49.0 441.5 23.5 30.5
0 50.0 523.0 21.0 12.5
0 59.5 585.0 29.5 38.5
0 59.0 541.0 27.0 26.0
0 70.5 533.5 23.0 31.0
0 68.5 455.5 10.5 22.0
0 79.0 485.0 12.5 20.0
0 87.0 459.0 16.5 17.5
0 90.0 446.5 11.5 23.5
0 93.0 475.0 17.0 29.5
0 125.0 534.5 69.5 76.0
0 97.0 447.5 11.0 21.0
0 133.0 597.0 25.5 38.0
0 137.5 578.0 21.5 21.0
0 150.0 605.0 26.5 37.0
0 160.5 586.5 24.5 29.5
0 177.0 597.0 29.0 39.0
0 187.0 566.5 24.0 30.5
0 195.0 548.5 19.5 17.5
0 210.5 564.5 21.0 32.5
0 210.0 542.5 11.5 8.5
0 211.5 540.0 11.0 14.0
0 226.0 555.5 18.0 34.0
0 292.5 536.0 62.0 50.5
0 303.0 491.0 15.5 30.5
0 308.0 471.5 19.5 24.5
0 312.0 500.5 15.5 18.5
0 322.0 483.5 21.0 13.0
0 322.5 490.0 17.0 30.0
0 330.0 551.5 24.0 27.0
0 340.0 541.0 19.5 30.5
0 395.0 497.5 55.5 33.0
0 391.0 559.0 21.0 28.0
0 418.5 572.5 24.0 30.5
0 419.5 554.0 14.0 8.5
0 440.5 572.5 20.5 28.0
0 441.0 491.0 21.0 27.0
0 441.5 556.0 22.0 23.5
0 443.5 504.0 23.0 32.0
0 463.0 497.0 20.0 34.0
0 476.5 506.0 22.0 30.5
0 514.0 536.0 23.0 32.5
0 515.0 519.0 25.5 29.5
0 536.5 539.5 25.0 28.0
0 538.0 515.0 20.5 21.0
0 552.0 532.0 20.5 36.0
0 590.0 543.0 13.0 16.0
0 612.0 536.5 55.0 74.0
0 604.0 559.5 23.0 32.5
0 608.0 629.5 23.5 20.0
0 610.5 535.5 21.0 15.5
0 621.5 519.5 16.5 23.5
0 622.0 557.5 18.0 30.5
0 631.0 627.0 17.0 24.5
0 631.5 549.0 16.5 30.5
0 630.5 524.0 13.0 24.5
0 632.0 508.0 15.5 12.0
0 636.0 587.0 7.5 29.0
0 637.0 600.0 5.0 29.5
0 638.0 527.0 3.5 21.0
