3 517.0 416.0 123.75 170.0
3 60.5 302.5 80.0 44.0
3 62.5 367.0 76.5 99.5
3 124.5 359.0 73.0 94.5
3 114.5 259.0 52.0 50.5
3 132.0 386.5 57.0 98.5
3 127.5 268.0 37.5 54.5
3 137.0 299.0 42.0 37.5
3 173.5 433.5 85.25 129.25
3 213.0 303.0 89.75 109.75
3 248.0 407.0 99.0 131.5
3 256.0 511.0 109.75 114.5
3 260.0 332.0 80.0 76.5
3 300.5 266.5 63.25 86.75
3 323.0 492.5 70.0 100.0
3 339.5 279.0 52.75 61.75
3 381.0 195.5 87.75 115.0
3 413.0 300.0 95.0 130.5
3 426.0 461.0 67.0 67.0
3 435.5 219.0 55.5 66.0
3 453.0 386.0 55.75 60.25
3 482.0 537.0 92.25 114.0
3 510.0 279.0 95.0 98.5
3 510.5 203.0 89.25 90.5
3 585.0 552.5 100.0 117.25
3 594.5 167.5 80.75 132.75
3 588.0 375.5 52.5 83.5
3 602.0 298.0 75.5 156.25
3 613.0 432.5 52.25 139.0
