3 16.5 86.0 33.0 89.5
3 23.0 448.5 45.5 109.0
3 37.5 556.0 75.0 119.0
3 34.0 212.5 61.0 105.0
3 43.5 49.5 77.0 76.5
3 70.0 376.5 85.0 114.5
3 70.0 139.5 84.5 98.0
3 85.0 614.0 94.5 50.5
3 91.5 487.0 77.0 106.5
3 97.5 231.5 79.0 86.0
3 106.0 576.5 57.0 87.0
3 115.0 75.5 74.5 96.0
3 126.0 165.0 57.0 82.5
3 144.0 429.5 83.5 97.0
3 159.0 314.0 75.0 102.5
3 155.5 259.5 61.0 53.0
3 168.5 573.5 84.5 112.5
3 178.0 194.0 76.5 103.0
3 174.0 36.5 63.5 69.5
3 186.5 105.5 75.0 89.5
3 212.0 475.0 87.0 103.0
3 222.0 363.5 72.0 102.5
3 221.5 597.5 59.0 81.5
3 229.0 259.0 69.0 93.5
3 249.0 60.0 72.0 86.0
3 248.5 7.5 65.0 15.0
3 250.0 161.0 66.0 95.5
3 281.0 567.5 69.0 89.5
3 286.0 626.5 69.5 26.0
3 292.0 469.0 67.5 101.5
3 295.5 223.5 69.0 82.5
3 299.0 314.0 73.0 102.5
3 293.0 126.5 59.0 72.0
3 300.5 49.0 54.0 75.0
3 381.0 614.5 57.5 49.5
3 395.0 527.0 84.0 119.0
3 388.5 210.0 67.5 112.5
3 388.0 55.5 62.0 88.5
3 398.5 390.0 81.0 96.0
3 424.0 141.5 91.5 103.5
3 440.0 297.0 82.5 114.0
3 441.5 51.5 74.5 103.0
3 454.5 462.5 80.0 82.5
3 469.0 623.0 108.0 33.0
3 448.0 218.5 43.0 39.5
3 472.5 568.0 82.0 107.5
3 534.5 13.5 181.0 26.5
3 472.5 202.0 42.0 46.0
3 502.0 393.0 91.5 127.5
3 493.5 254.0 49.5 90.5
3 522.5 45.5 76.0 90.5
3 543.5 295.0 98.5 99.0
3 546.0 497.0 93.5 120.0
3 555.0 606.0 96.0 65.0
3 551.5 201.0 79.5 103.5
3 565.0 549.0 82.0 89.5
3 576.0 108.5 83.5 121.0
3 576.0 387.0 69.0 99.0
3 613.0 309.5 53.5 128.5
3 610.5 216.5 40.5 79.5
3 612.0 465.5 38.0 88.5
3 618.5 611.0 42.0 57.0
3 620.5 530.0 38.5 87.0
3 626.5 391.0 26.0 47.5
3 630.0 451.5 19.0 63.0
