0 93.5 566.0 167.5 115.0
0 75.0 441.0 31.0 19.5
0 116.0 497.5 31.0 11.0
0 240.5 551.0 38.0 24.5
0 258.5 522.5 41.25 26.0
0 274.0 206.5 36.5 25.0
0 276.0 587.0 32.5 17.75
0 271.0 335.5 13.0 14.5
0 322.5 175.5 41.0 26.0
0 314.5 428.0 21.0 20.5
0 316.0 308.0 24.5 16.5
0 329.5 216.0 49.0 26.0
0 326.5 474.5 30.0 26.5
0 341.5 312.5 29.25 21.0
0 373.0 562.5 87.0 130.0
0 358.5 428.5 38.0 24.0
0 385.0 249.0 41.0 21.0
0 428.5 61.5 105.0 123.0
0 425.0 446.0 39.5 19.5
0 464.5 294.0 52.0 33.75
0 466.0 458.0 36.0 24.0
0 475.0 207.0 41.5 19.75
0 488.5 231.0 51.0 33.0
0 493.0 419.0 34.0 17.75
0 494.0 401.0 32.5 13.5
0 503.0 260.5 41.5 22.0
0 517.0 242.0 32.25 17.75
0 559.0 447.0 44.5 17.5
