3 209.5 401.0 89.0 80.0
3 100.0 358.5 38.0 61.0
3 174.0 198.0 106.0 66.0
3 145.5 398.0 33.0 24.0
3 161.0 371.5 24.0 31.0
3 198.5 326.5 59.0 59.0
3 241.5 201.5 51.0 51.0
3 254.5 349.0 47.0 48.0
3 292.0 158.0 88.0 48.0
3 303.0 109.5 64.0 45.0
3 305.5 317.5 49.0 37.0
3 313.0 233.0 58.0 48.0
3 352.5 271.0 95.0 56.0
3 347.5 380.0 43.0 48.0
3 371.5 348.0 73.0 44.0
3 365.0 25.0 58.0 38.0
3 397.5 293.5 67.0 57.0
3 393.5 191.5 47.0 79.0
3 405.0 73.0 58.0 68.0
3 401.0 372.5 48.0 41.0
3 444.5 176.0 27.0 54.0
3 462.0 65.0 20.0 56.0
3 479.0 201.0 48.0 56.0
3 477.5 298.5 31.0 81.0
3 519.0 177.5 28.0 45.0
