3 336.5 390.5 57.5 71.5
3 13.0 621.0 18.0 35.0
3 19.0 587.5 29.0 37.5
3 49.0 621.0 24.0 29.5
3 49.5 502.0 15.0 28.5
3 56.0 479.5 25.0 30.0
3 57.0 579.0 26.5 33.5
3 82.5 600.0 28.0 46.0
3 86.5 475.5 25.0 28.75
3 83.5 627.5 14.75 24.0
3 91.5 446.0 25.0 37.75
3 114.5 615.5 21.0 39.5
3 117.0 584.5 22.5 31.0
3 117.0 508.5 21.75 28.75
3 117.0 482.0 16.5 24.5
3 137.0 625.0 21.5 29.5
3 139.5 599.5 18.0 47.0
3 143.5 496.0 25.0 30.0
3 152.0 628.0 18.0 23.5
3 160.5 529.5 30.75 39.25
3 166.5 578.0 33.0 35.5
3 183.0 633.0 25.5 13.0
3 184.0 528.5 12.25 35.0
3 191.5 605.5 21.5 40.0
3 195.0 326.0 25.5 23.0
3 195.0 297.5 20.0 30.0
3 195.5 345.0 15.0 21.5
3 198.0 264.5 15.5 36.75
3 216.5 579.5 28.0 40.75
3 227.5 275.5 25.5 14.5
3 224.5 291.0 15.0 23.0
3 253.0 580.5 17.0 16.5
3 255.0 622.5 20.0 32.0
3 283.0 585.5 21.5 49.5
3 287.0 626.0 25.5 27.5
3 337.0 605.5 50.5 67.25
