3 4.5 371.0 9.0 24.0
3 7.0 347.5 14.0 23.0
3 8.5 418.5 17.0 39.0
3 27.5 426.0 18.75 41.75
3 44.5 309.0 26.0 29.0
3 75.5 477.5 65.25 75.0
3 95.5 306.5 65.25 89.0
3 140.0 88.5 62.25 121.0
3 122.0 9.0 14.0 18.0
3 126.5 239.0 16.0 25.5
3 164.5 340.0 14.0 28.5
3 172.0 392.0 12.5 26.5
3 191.5 399.0 17.5 33.5
3 205.5 532.5 21.0 32.75
3 229.5 375.5 68.5 88.0
3 237.0 480.0 22.5 33.5
3 244.5 456.0 24.75 30.0
3 255.0 541.5 18.25 25.25
3 302.0 90.0 26.0 36.5
3 346.5 128.0 13.0 25.75
3 361.5 106.0 19.0 30.0
3 408.0 403.0 95.75 60.0
3 433.5 625.0 17.0 24.0
3 440.5 221.0 21.25 29.5
3 465.5 165.0 22.75 34.25
3 490.0 425.5 17.5 33.5
3 520.5 586.0 14.0 31.0
3 528.5 314.0 24.5 32.5
3 529.0 118.0 20.0 36.5
3 548.5 108.5 23.0 27.5
3 603.0 176.0 73.5 89.0
3 575.5 589.5 14.75 33.25
