3 218.0 397.0 119.5 165.5
3 14.5 122.0 29.0 162.0
3 46.0 31.5 92.0 63.0
3 43.5 574.5 79.0 129.25
3 81.0 341.5 113.5 173.25
3 85.0 146.5 101.5 164.75
3 118.0 498.5 113.0 177.0
3 143.5 88.5 116.5 177.0
3 147.0 298.5 82.5 144.0
3 200.0 212.0 121.0 180.5
3 233.0 595.5 114.0 88.5
3 227.0 296.5 75.5 59.0
3 289.5 135.0 107.0 129.0
3 296.0 518.0 105.0 119.5
3 276.0 13.5 51.75 27.0
3 319.0 276.5 133.75 184.75
3 360.0 588.0 126.0 102.25
3 356.5 388.5 93.25 118.75
3 401.5 471.5 126.5 179.5
3 393.0 305.0 23.75 49.5
3 439.0 72.5 115.5 135.5
3 434.0 340.5 37.0 74.0
3 506.5 354.0 113.0 188.0
3 494.0 499.0 74.0 138.25
3 516.0 621.5 99.0 36.0
3 521.5 102.0 108.75 189.75
3 555.0 13.0 62.5 26.0
3 579.5 233.0 93.25 182.5
3 585.5 538.0 105.5 152.5
3 582.0 389.5 44.0 137.0
3 607.0 69.0 65.5 138.0
3 614.0 622.5 48.5 33.25
3 622.0 229.5 35.75 183.0
3 624.5 397.5 30.75 138.0
