3 275.0 311.0 434.5 465.5
3 16.0 203.5 32.0 59.0
3 29.5 538.5 59.0 181.0
3 42.5 102.0 85.0 144.0
3 42.5 359.0 85.0 216.0
3 76.0 24.0 87.5 48.0
3 90.0 609.0 79.0 59.0
3 120.5 526.5 114.0 147.0
3 137.0 457.0 96.0 171.0
3 125.0 320.0 66.5 67.5
3 147.0 223.0 109.75 138.5
3 167.5 55.0 131.0 110.0
3 183.0 117.0 109.75 98.5
3 180.5 371.0 54.0 147.0
3 199.5 501.5 43.0 107.0
3 254.5 29.0 105.25 57.75
3 251.5 343.0 90.0 197.0
3 245.0 563.0 65.5 80.0
3 275.0 69.5 81.75 94.75
3 293.0 588.0 72.0 81.5
3 327.0 377.5 114.0 169.5
3 325.0 161.0 97.5 81.5
3 358.0 418.5 122.5 193.5
3 352.0 25.5 101.0 51.0
3 358.5 203.0 56.5 96.0
3 390.0 81.0 98.5 75.0
3 393.0 575.0 104.25 126.25
3 427.0 207.0 90.0 158.5
3 423.5 124.0 68.75 52.5
3 452.0 499.0 95.0 125.0
3 436.0 402.5 60.0 174.5
3 479.0 20.0 105.5 40.0
3 493.5 241.0 89.0 91.0
3 470.0 445.0 39.75 57.75
3 473.5 626.5 42.0 24.0
3 468.5 145.5 26.75 70.75
3 511.5 314.5 79.0 56.0
3 567.0 150.5 137.5 150.75
3 565.0 589.0 78.0 98.5
3 590.0 37.5 90.0 75.0
3 592.5 475.0 90.0 160.0
3 594.0 259.0 90.0 153.75
3 631.0 169.0 13.5 88.0
