0 58.5 572.0 93.5 117.0
0 326.0 319.5 626.0 639.0
0 101.0 315.0 106.0 132.5
0 128.0 160.0 83.5 104.25
0 141.0 433.0 79.0 101.5
0 196.0 513.5 77.5 106.0
0 201.5 295.5 74.5 98.0
0 237.5 67.5 103.0 135.0
0 259.5 592.5 74.75 94.75
0 264.5 368.5 83.0 111.25
0 278.0 253.5 80.5 111.25
0 284.5 485.0 81.0 113.75
0 343.5 65.5 111.25 131.0
0 359.0 573.0 98.0 133.5
0 370.5 198.0 107.0 139.75
0 353.5 337.0 68.75 93.75
0 400.0 441.5 84.25 107.25
0 441.5 91.0 79.0 106.5
0 458.5 352.5 73.5 101.5
0 479.0 538.5 88.5 105.5
0 476.5 209.5 82.0 101.25
0 543.0 310.5 94.5 109.0
0 571.0 430.0 90.0 110.0
0 589.0 206.5 101.0 126.5
