3 3.0 223.5 6.0 18.5
3 14.0 308.5 11.5 26.0
3 19.5 397.0 17.0 18.5
3 25.5 291.5 20.0 22.0
3 34.0 418.5 18.0 30.0
3 38.0 395.5 17.0 22.0
3 41.5 368.5 12.0 18.0
3 43.0 551.0 15.0 23.5
3 46.0 102.5 16.25 32.0
3 47.5 528.5 15.5 21.0
3 52.0 123.0 15.5 30.0
3 52.0 333.0 15.75 35.75
3 54.0 561.5 12.5 28.0
3 63.0 104.0 12.25 28.0
3 66.0 397.5 16.25 27.0
3 69.0 372.0 19.5 24.5
3 76.0 279.5 12.5 32.0
3 80.5 558.0 13.0 28.0
3 86.5 467.0 15.5 18.0
3 86.5 254.5 14.0 18.75
3 88.5 76.0 12.0 26.0
3 90.5 276.5 16.75 18.75
3 92.5 375.5 17.0 20.0
3 96.0 481.0 12.5 22.0
3 98.0 586.5 12.5 18.0
3 98.5 560.0 10.0 24.5
3 101.5 241.5 14.0 26.0
3 103.0 539.0 12.5 21.5
3 105.0 340.0 12.0 23.5
3 105.0 390.0 11.0 24.5
3 118.0 592.5 16.5 22.0
3 119.5 470.5 12.5 22.0
3 125.0 569.5 16.5 28.0
3 135.5 362.5 19.5 30.5
3 142.0 545.5 13.0 27.0
3 146.5 405.0 17.0 24.5
3 152.0 422.0 12.5 23.75
3 155.0 360.5 14.25 24.75
3 169.0 416.5 22.5 26.75
3 176.5 447.0 13.0 14.5
3 220.5 546.5 27.0 29.25
3 216.0 382.5 12.25 20.0
3 218.0 297.5 12.5 26.0
3 225.5 452.5 12.5 18.5
3 229.5 132.0 20.75 27.5
3 230.0 401.0 15.5 26.0
3 239.5 91.5 15.5 33.0
3 239.5 462.0 14.0 21.0
3 238.0 518.5 8.0 22.0
3 250.0 458.5 16.25 23.25
3 254.0 504.5 13.5 20.0
3 254.5 534.0 9.5 17.5
3 260.0 491.5 12.5 13.0
3 260.0 148.5 11.5 23.5
3 276.0 364.0 11.5 27.5
3 286.0 146.5 13.75 27.25
3 290.0 300.0 18.0 44.25
3 310.0 214.0 18.0 20.0
3 316.0 528.0 15.5 29.75
3 346.0 557.0 16.5 26.0
3 347.5 530.5 15.25 20.0
3 369.5 154.5 19.0 26.0
3 384.5 175.0 19.0 22.0
3 386.5 74.0 20.0 22.0
3 387.5 200.0 15.0 16.0
3 398.0 246.5 16.5 24.75
3 410.5 245.0 12.5 21.5
3 421.0 454.0 25.5 36.25
3 429.0 514.0 19.75 31.5
3 445.0 98.5 12.25 32.75
3 453.0 597.5 25.0 40.0
3 465.0 541.0 14.5 18.0
3 470.5 565.5 20.75 29.0
3 485.0 338.5 20.0 27.0
3 483.0 115.0 14.5 28.0
3 483.0 16.5 9.5 33.0
3 491.5 189.0 16.75 28.0
3 496.5 15.5 12.5 21.0
3 501.0 111.0 17.5 22.0
3 500.0 321.5 5.5 29.5
3 512.0 126.0 19.75 22.0
3 525.5 344.0 17.0 36.0
3 526.0 489.5 18.0 33.25
3 526.0 269.5 12.5 37.0
3 529.5 285.5 15.25 22.0
3 534.0 465.5 20.0 14.75
3 544.5 575.0 29.0 32.0
3 556.0 627.0 15.5 25.5
3 567.5 465.5 8.0 21.25
3 598.5 594.5 15.0 29.5
