0 61.5 457.0 123.0 157.5
0 62.0 183.5 123.5 181.0
0 52.0 319.0 86.5 101.0
0 59.5 586.0 99.5 106.5
0 59.0 52.0 95.5 104.0
0 132.0 280.5 139.5 177.5
0 139.5 552.0 138.0 174.0
0 144.0 51.5 98.0 103.0
0 148.0 82.5 101.0 48.5
0 165.0 221.0 85.0 121.0
0 163.5 468.0 80.0 94.0
0 194.0 8.5 25.0 16.5
0 259.0 28.5 107.0 56.5
0 269.5 458.5 123.5 169.0
0 270.5 122.5 115.5 148.5
0 274.0 279.0 122.5 152.5
0 262.0 593.5 62.5 91.5
0 288.0 224.0 92.0 84.0
0 349.0 581.5 145.0 115.0
0 360.0 48.0 113.5 96.0
0 371.5 176.5 119.5 140.0
0 370.5 296.5 97.5 100.0
0 389.5 443.5 123.0 170.0
0 379.0 529.5 97.5 74.0
0 476.5 48.5 104.5 71.5
0 471.0 10.0 92.5 20.0
0 495.5 154.5 133.5 169.0
0 512.0 420.0 132.0 181.5
0 492.5 237.0 87.5 41.0
0 491.5 292.0 84.5 114.0
0 516.5 573.0 118.0 132.5
0 522.5 14.0 27.0 28.0
0 571.0 45.5 107.0 91.0
0 583.0 296.0 113.0 158.5
0 584.0 171.5 94.0 143.5
0 596.0 483.5 86.0 153.5
0 607.0 570.5 65.0 137.5
