3 37.5 246.5 75.0 96.5
3 44.0 509.0 87.75 205.5
3 105.5 361.0 103.0 250.5
3 118.0 142.0 108.5 175.5
3 110.5 514.5 69.0 146.0
3 136.5 247.0 96.0 150.25
3 170.5 423.5 56.0 223.0
3 191.0 601.0 83.5 76.5
3 219.0 284.5 115.75 254.75
3 201.0 539.0 78.0 93.5
3 228.0 475.5 107.5 142.0
3 216.0 461.5 74.0 87.5
3 246.5 94.5 80.5 173.5
3 266.0 587.0 91.0 104.0
3 263.5 454.0 47.0 87.75
3 311.5 161.5 99.0 243.0
3 317.0 387.0 102.5 225.0
3 316.5 527.5 64.0 93.25
3 364.5 618.5 87.0 41.0
3 380.5 566.5 107.5 145.0
3 375.0 350.0 81.0 240.5
3 425.0 195.5 107.75 240.75
3 432.5 487.5 89.5 143.0
3 471.0 355.5 105.75 184.0
3 449.0 599.0 29.5 80.0
3 499.0 604.5 74.25 68.75
3 515.0 531.5 106.5 183.0
3 552.0 404.0 84.5 128.5
3 563.0 627.0 68.0 24.0
3 563.0 588.0 64.0 46.25
3 556.0 576.5 44.25 35.25
3 597.5 485.0 84.0 205.5
