3 32.0 555.5 32.0 65.0
3 79.5 241.5 88.5 81.0
3 126.5 368.5 85.25 88.75
3 141.5 168.0 50.0 37.5
3 211.0 429.5 80.0 63.0
3 222.5 602.5 76.0 38.5
3 266.5 402.0 55.25 55.75
3 276.0 170.5 65.0 67.0
3 280.5 323.0 67.0 53.5
3 291.5 520.5 24.75 25.25
3 327.0 184.0 43.75 62.0
3 365.0 296.5 69.75 70.75
3 364.5 558.5 20.0 24.5
3 366.0 579.0 19.0 23.5
3 390.5 395.0 67.0 66.0
3 412.5 529.5 18.0 15.0
3 416.5 546.5 17.0 15.0
3 430.0 531.0 15.0 14.0
3 427.0 591.5 5.5 7.5
3 456.0 454.5 22.5 21.5
3 492.0 394.5 36.0 25.25
3 516.5 272.0 67.5 61.0
3 518.0 374.5 27.75 36.0
3 525.0 398.5 39.5 43.5
3 572.5 353.0 70.5 67.0
3 554.5 530.0 21.25 20.0
3 608.0 242.0 20.0 53.5
