3 10.0 474.0 20.0 24.0
3 29.5 452.0 33.0 30.0
3 39.0 469.5 24.0 29.0
3 65.0 447.5 24.0 35.0
3 77.5 475.0 19.0 34.0
3 97.5 452.5 33.0 45.0
3 109.5 476.5 11.0 31.0
3 129.0 449.5 28.0 39.0
3 135.5 479.0 19.0 24.0
3 341.0 478.5 46.0 41.0
3 365.0 450.0 32.0 30.0
3 385.0 480.0 30.0 30.0
3 401.5 455.0 37.0 34.0
3 408.0 482.5 20.0 31.0
3 425.0 479.5 20.0 31.0
3 434.5 452.5 35.0 29.0
3 447.0 423.5 38.0 41.0
3 462.5 485.0 41.0 28.0
3 477.0 454.5 36.0 29.0
3 489.5 423.0 37.0 40.0
3 496.0 482.5 42.0 31.0
3 515.0 458.0 24.0 26.0
3 529.5 429.0 35.0 32.0
3 535.0 484.0 32.0 38.0
3 555.0 462.0 32.0 24.0
3 564.0 427.0 34.0 42.0
3 568.5 485.0 31.0 28.0
3 585.5 457.0 25.0 20.0
3 599.5 429.5 43.0 37.0
3 606.5 484.0 31.0 30.0
3 625.5 455.0 27.0 40.0
3 633.5 415.0 11.0 36.0
