3 51.0 421.0 87.0 147.5
3 101.5 289.5 97.0 133.5
3 122.0 174.0 98.5 132.0
3 132.0 470.0 103.0 140.5
3 122.0 389.5 44.0 48.0
3 180.5 326.5 67.0 125.5
3 187.5 68.0 80.5 122.0
3 218.5 540.5 104.0 81.5
3 196.5 185.0 44.5 82.5
3 210.0 434.5 41.0 128.0
3 238.5 128.0 69.0 108.0
3 240.5 218.0 53.0 59.0
3 256.0 299.5 71.0 118.5
3 282.0 421.5 113.0 191.0
3 288.5 575.0 47.5 39.0
3 338.0 195.0 105.5 151.5
3 355.5 501.5 128.0 159.0
3 362.5 298.0 86.0 143.0
3 377.0 597.0 115.0 85.5
3 412.0 361.0 129.5 183.0
3 409.5 62.5 103.0 125.0
3 470.5 513.5 134.5 199.5
3 467.0 192.5 119.0 149.0
3 501.5 297.0 79.5 107.0
3 518.5 400.5 78.0 92.5
3 524.0 617.0 79.0 43.0
3 567.0 152.0 89.0 126.5
3 591.5 477.5 96.0 177.0
3 592.0 266.5 87.5 146.5
3 600.0 359.0 69.0 45.5
3 604.0 567.5 69.0 135.5
3 625.5 140.5 28.0 103.5
