3 263.0 625.5 37.5 24.0
3 289.5 625.5 34.0 24.0
3 326.0 561.5 50.0 61.25
3 325.5 509.5 44.5 64.0
3 322.0 622.5 26.5 29.5
3 354.0 421.5 48.0 48.0
3 350.5 473.5 34.0 50.5
3 358.5 609.5 46.75 56.0
3 383.5 530.5 53.5 69.5
3 386.0 285.5 37.5 53.5
3 404.0 453.5 41.0 53.5
3 406.5 570.5 46.75 58.75
3 408.0 616.0 39.5 42.25
3 415.5 357.5 32.0 53.5
3 423.5 181.5 37.25 69.25
3 428.5 533.5 37.25 80.0
3 439.5 256.0 44.75 58.25
3 445.5 208.0 35.25 26.25
3 446.5 121.5 34.0 61.25
3 455.5 324.0 48.0 45.75
3 462.5 368.0 55.25 64.0
3 459.0 590.5 37.5 61.5
3 468.0 618.5 41.0 37.5
3 472.5 412.0 46.75 56.0
3 476.0 262.5 43.0 56.0
3 488.5 88.0 32.0 26.5
3 491.0 126.5 34.0 45.25
3 496.5 457.5 44.5 56.0
3 497.5 194.5 43.0 48.0
3 499.0 161.5 38.5 56.0
3 505.5 230.5 30.75 40.0
3 510.0 374.5 39.5 66.75
3 510.0 628.0 28.5 18.5
3 517.0 306.5 38.5 48.0
3 520.5 64.0 39.0 37.5
3 522.5 264.0 43.0 42.25
3 531.5 98.5 43.0 32.0
3 526.0 600.0 18.0 37.5
3 542.0 473.5 50.0 72.0
3 539.5 333.5 34.0 48.0
3 542.0 165.5 39.5 37.25
3 548.0 38.5 37.5 40.0
3 548.0 197.5 37.5 32.0
3 558.0 394.5 53.75 90.75
3 554.5 226.5 39.0 48.0
3 561.5 70.5 43.0 56.0
3 565.0 272.0 43.0 48.0
3 578.5 140.0 41.0 50.5
3 577.5 92.0 32.0 29.75
3 581.0 310.5 39.0 61.5
3 584.0 10.5 36.0 21.0
3 595.5 41.5 32.0 61.5
3 605.0 206.5 44.5 61.5
3 615.0 113.5 32.0 61.25
3 625.5 46.5 25.0 56.0
