3 34.0 255.5 68.0 71.0
3 39.0 525.5 78.0 151.0
3 55.0 183.5 93.0 79.0
3 52.0 121.0 52.5 46.0
3 118.0 436.5 151.0 143.0
3 128.5 590.5 109.0 91.0
3 116.5 93.0 59.0 69.0
3 197.5 200.5 173.0 158.5
3 189.5 109.0 97.0 72.5
3 210.0 59.0 101.5 59.0
3 253.0 494.0 161.0 162.0
3 259.0 356.5 125.0 121.0
3 278.5 257.5 65.5 81.0
3 267.5 27.0 33.0 52.5
3 292.5 89.0 70.0 71.0
3 345.5 584.0 167.0 111.0
3 362.0 307.0 154.0 149.0
3 401.0 461.0 163.0 163.0
3 362.0 15.0 55.5 17.0
3 397.5 85.5 109.5 97.0
3 409.0 14.5 34.0 29.0
3 460.5 26.5 75.5 53.0
3 507.5 574.0 169.5 131.5
3 488.0 66.5 86.5 85.5
3 523.5 339.0 138.0 141.0
3 533.5 462.0 110.5 115.0
3 546.0 133.0 82.0 83.0
3 574.0 85.0 75.5 72.5
3 602.0 236.0 75.5 111.5
3 603.5 554.0 72.5 151.0
3 611.0 421.5 57.0 122.5
3 610.5 320.5 36.0 43.0
