2 37.0 547.5 37.5 86.5
2 99.5 572.5 41.0 116.75
2 122.5 380.0 29.5 51.0
2 138.0 240.5 26.5 32.0
2 176.5 107.5 31.0 57.0
2 224.5 449.5 74.5 83.5
2 237.0 49.5 26.0 28.75
2 269.0 460.0 20.0 39.5
2 295.0 80.5 33.5 78.0
2 322.5 244.0 25.0 61.0
2 359.0 551.0 48.5 62.5
2 356.0 99.5 14.0 27.0
2 363.5 624.0 18.0 31.5
2 414.5 416.5 45.0 34.0
2 411.0 67.0 29.5 63.75
2 411.5 214.5 29.25 63.25
2 430.0 623.0 15.5 33.5
2 442.5 95.5 33.25 91.0
2 447.5 335.0 22.0 34.0
2 488.0 269.0 42.0 47.75
2 508.0 49.5 15.5 35.5
2 537.0 60.0 32.0 76.25
2 539.5 578.0 28.75 67.75
