5 0.046875 0.521875 0.093750 0.197656
5 0.128125 0.885156 0.185156 0.228125
5 0.153125 0.686719 0.210156 0.216406
5 0.125781 0.532813 0.146094 0.256250
5 0.246094 0.476562 0.147656 0.162500
5 0.275000 0.324219 0.183594 0.216406
5 0.254688 0.849219 0.073438 0.301563
5 0.446094 0.296094 0.132031 0.141406
5 0.563281 0.530469 0.127344 0.185938
5 0.603125 0.384375 0.169531 0.110156
5 0.663281 0.656250 0.133594 0.169531
5 0.670312 0.482031 0.109375 0.136719
5 0.703906 0.285938 0.174219 0.134375
5 0.786719 0.410156 0.197656 0.214062
5 0.896094 0.700781 0.109375 0.178906
5 0.943750 0.539844 0.112500 0.176563
5 0.946094 0.712500 0.103125 0.141406
