3 36.0 391.5 68.0 57.5
3 23.0 195.5 36.0 68.0
3 31.5 323.5 45.0 78.75
3 42.0 102.5 50.0 69.25
3 63.0 172.0 56.0 77.5
3 69.5 273.5 47.0 82.5
3 65.5 465.5 29.0 74.5
3 84.5 358.5 65.0 80.0
3 85.5 546.0 63.0 100.0
3 105.5 114.0 73.0 102.5
3 104.5 235.5 69.0 76.0
3 119.0 320.5 78.0 100.0
3 126.5 458.0 67.0 108.0
3 133.5 170.5 61.0 45.5
3 142.0 70.0 58.0 73.75
3 156.0 354.5 70.0 98.75
3 151.5 580.0 59.0 64.0
3 172.5 520.5 81.0 116.0
3 162.5 246.5 55.0 66.75
3 175.0 138.0 54.0 81.75
3 203.5 433.5 69.0 104.0
3 190.0 46.0 34.0 92.0
3 219.0 210.0 60.0 108.0
3 213.0 308.0 42.0 64.0
3 230.0 592.0 76.0 85.75
3 240.5 74.0 73.0 129.5
3 242.5 58.5 65.0 104.0
3 272.0 336.0 88.0 104.0
3 255.0 180.0 50.0 90.5
3 267.0 406.0 72.0 52.0
3 283.0 486.0 58.0 121.5
3 311.5 94.5 73.0 101.5
3 312.5 584.5 75.0 108.0
3 312.5 183.5 71.0 110.5
3 340.0 25.5 66.0 50.75
3 340.5 385.5 67.0 106.75
3 342.5 25.5 57.0 26.75
3 386.0 466.0 100.0 132.0
3 382.5 322.5 81.0 114.5
3 408.5 176.0 85.0 98.25
3 416.5 20.0 81.0 40.0
3 430.0 558.0 96.0 124.0
3 450.5 80.5 85.0 126.5
3 458.0 384.0 86.0 120.0
3 469.5 264.5 89.0 129.25
3 497.5 420.5 111.0 137.5
3 535.0 510.5 118.0 133.25
3 528.0 608.0 96.0 61.75
3 536.0 149.5 106.0 141.25
3 546.5 335.5 81.0 137.5
3 590.0 46.0 84.0 92.0
3 603.0 301.5 72.0 165.5
3 605.0 453.5 68.0 125.5
3 608.0 165.5 62.0 133.25
3 608.0 574.0 62.0 118.5
