2 0.264844 0.815625 0.529687 0.056250
2 0.074219 0.771094 0.039062 0.064062
2 0.112500 0.760938 0.026562 0.056250
2 0.128125 0.807031 0.025781 0.041406
2 0.180469 0.760938 0.058594 0.074219
2 0.264844 0.702344 0.057031 0.092188
2 0.303125 0.754687 0.019531 0.040625
2 0.334375 0.778125 0.015625 0.021875
2 0.344531 0.740625 0.026562 0.033594
2 0.389844 0.704688 0.059375 0.083594
2 0.401562 0.775000 0.030469 0.036719
2 0.438281 0.782813 0.025781 0.039062
2 0.479687 0.772656 0.019531 0.029687
2 0.494531 0.801562 0.020313 0.037500
2 0.761719 0.788281 0.414062 0.058594
2 0.671875 0.760156 0.031250 0.057031
2 0.711719 0.767188 0.018750 0.042969
2 0.742969 0.767969 0.014844 0.023438
2 0.757031 0.729688 0.041406 0.053125
2 0.799219 0.753125 0.020313 0.042969
2 0.864844 0.761719 0.022656 0.031250
2 0.982812 0.767969 0.032031 0.023438
