3 28.0 43.0 55.5 78.5
3 30.5 262.5 61.0 124.5
3 32.5 47.0 65.0 61.0
3 34.0 141.0 68.0 119.75
3 44.0 137.5 88.0 111.0
3 48.5 433.5 97.0 199.25
3 51.5 438.5 103.0 211.5
3 31.0 266.5 54.0 116.75
3 118.5 551.0 179.0 176.25
3 116.0 550.5 170.0 177.5
3 106.5 301.5 97.0 123.0
3 125.0 47.0 133.75 93.75
3 125.5 47.0 135.0 86.5
3 118.0 295.0 115.5 114.0
3 149.5 154.0 178.0 224.0
3 150.0 154.0 170.0 216.25
3 209.0 358.5 194.5 267.0
3 211.5 357.5 199.0 262.5
3 265.5 42.5 145.0 85.0
3 272.5 45.0 152.0 87.75
3 277.0 455.0 157.5 222.25
3 278.0 452.5 147.75 225.0
3 307.0 487.0 181.5 233.5
3 248.0 200.5 44.5 51.5
3 287.0 130.5 117.75 74.0
3 281.0 131.0 90.0 84.25
3 313.0 478.0 154.0 224.5
3 265.0 131.0 55.0 70.0
3 346.5 238.0 177.0 224.5
3 353.0 233.0 165.0 230.0
3 398.0 577.5 181.0 104.0
3 400.0 575.0 182.0 128.5
3 337.0 561.5 44.0 59.0
3 421.0 46.0 174.0 92.0
3 419.5 46.0 167.0 92.0
3 404.0 377.5 131.5 126.75
3 421.0 189.0 161.5 170.5
3 421.0 379.5 101.0 122.0
3 526.5 501.0 224.0 216.25
3 513.5 200.0 151.25 264.5
3 520.0 366.0 76.5 38.25
3 569.0 61.5 129.75 123.0
3 570.0 63.5 128.5 126.75
3 580.5 319.0 108.0 140.5
3 584.0 316.5 111.5 128.5
3 584.5 549.5 73.5 180.0
3 593.5 510.5 87.0 257.5
3 600.0 513.5 79.5 251.5
3 609.5 186.0 60.0 147.75
3 611.0 192.0 57.5 125.75
