3 256.0 494.5 48.25 69.25
3 22.0 516.0 44.0 38.0
3 52.0 476.5 45.5 52.5
3 70.0 515.5 50.0 29.5
3 76.5 431.0 52.5 60.5
3 101.0 478.5 50.5 57.0
3 122.0 458.0 43.5 49.75
3 122.0 521.5 32.5 37.25
3 182.5 521.0 45.25 29.75
3 203.0 481.0 42.5 59.75
3 231.5 518.0 47.0 35.75
3 237.5 444.0 40.75 52.0
3 282.0 522.5 36.5 26.75
3 313.0 453.5 22.0 38.5
3 314.0 496.0 24.25 56.0
3 318.0 442.0 29.0 50.0
3 332.0 520.0 29.75 27.75
3 358.0 502.0 23.5 36.25
3 367.5 524.0 31.25 23.75
3 372.5 462.0 26.75 37.75
3 403.0 503.0 39.75 46.25
3 412.0 523.5 23.5 18.5
3 426.0 501.5 35.5 43.0
3 449.0 524.0 29.5 23.5
3 471.0 502.5 33.5 43.0
