3 84.0 466.5 136.25 171.25
3 114.5 601.0 83.25 76.25
3 156.5 74.5 123.0 148.5
3 148.0 206.0 60.25 85.75
3 233.5 351.5 103.0 161.25
3 253.5 496.0 125.5 186.0
3 257.0 189.5 103.0 151.5
3 267.5 62.0 94.5 111.0
3 315.0 594.0 125.75 91.5
3 348.5 49.5 95.0 99.0
3 360.0 214.0 87.0 81.5
3 413.5 312.0 136.0 176.25
3 452.5 584.5 133.0 109.25
3 439.0 97.0 70.5 114.5
3 479.5 436.5 88.5 142.0
3 510.0 37.5 91.75 74.75
3 515.5 262.5 69.0 109.5
3 582.5 540.5 114.0 127.0
3 587.5 612.5 104.5 54.0
3 601.5 33.5 29.25 67.0
3 630.5 116.5 18.75 135.25
