2 34.0 347.0 50.0 118.5
2 107.5 569.0 46.0 84.0
2 130.5 418.0 20.75 40.0
2 150.5 587.5 27.0 52.0
2 154.5 376.5 15.5 44.0
2 199.5 504.5 47.0 95.0
2 259.0 446.0 43.75 82.0
2 262.0 277.0 23.5 50.5
2 265.5 31.5 31.0 63.0
2 271.0 136.5 38.5 92.0
2 286.0 227.0 25.5 42.0
2 299.0 457.5 26.5 38.5
2 319.0 16.5 25.0 33.0
2 327.0 302.5 38.5 96.75
2 338.0 135.5 51.5 80.0
2 355.5 297.0 24.0 33.75
2 387.0 324.0 27.0 85.5
2 459.0 186.5 76.5 182.5
2 440.5 370.5 31.0 66.75
2 467.0 381.0 18.5 50.5
2 561.0 233.0 22.5 58.25
2 600.0 286.5 68.0 121.0
2 619.5 39.0 40.0 77.75
