3 55.0 360.5 89.5 129.5
3 111.0 360.5 39.5 86.5
3 117.0 367.5 27.0 72.0
3 133.5 406.5 55.0 90.0
3 204.0 367.5 56.0 107.0
3 215.0 297.5 53.5 47.5
3 214.0 398.0 31.0 46.5
3 236.0 379.5 37.0 104.0
3 250.0 320.0 19.5 29.0
3 285.0 268.0 64.0 89.5
3 297.5 362.0 86.5 148.0
3 327.0 303.0 40.5 66.5
3 357.5 391.0 63.0 104.0
3 385.5 357.5 69.0 139.0
3 400.0 263.5 82.0 124.5
3 450.0 342.5 54.5 91.0
3 440.5 406.5 29.0 83.0
3 496.5 397.5 77.0 100.0
3 485.0 335.5 34.0 33.5
3 525.0 372.0 15.0 101.5
3 561.0 372.0 77.0 136.5
