3 300.0 217.5 206.5 172.5
3 28.0 292.0 55.5 44.0
3 37.0 250.5 73.75 92.75
3 48.5 167.0 97.0 178.0
3 53.0 331.0 105.5 63.5
3 58.0 579.0 115.75 121.5
3 102.0 409.0 204.0 99.5
3 58.5 59.5 97.25 51.25
3 53.5 66.5 84.75 70.0
3 139.5 488.5 171.0 59.5
3 98.5 15.0 81.0 30.0
3 116.0 96.5 71.75 132.75
3 136.0 584.0 106.5 82.0
3 164.0 328.0 143.0 210.0
3 216.0 516.0 178.0 49.0
3 175.5 18.5 77.0 37.0
3 174.0 94.0 63.0 151.0
3 253.0 574.5 201.75 130.0
3 209.5 105.5 61.0 137.0
3 235.5 29.5 51.0 59.0
3 336.5 480.5 196.0 141.25
3 336.0 589.0 172.0 101.5
3 289.0 74.5 69.5 141.0
3 361.0 74.5 147.0 141.0
3 403.5 260.5 194.75 225.0
3 436.0 409.0 203.0 158.5
3 421.5 82.0 101.0 83.5
3 482.5 549.0 121.0 180.5
3 533.0 493.5 192.0 282.5
3 514.0 92.0 132.5 70.0
3 529.0 246.0 101.0 223.5
3 575.0 218.5 127.0 208.0
3 549.5 35.5 71.0 71.0
3 594.0 454.5 91.0 296.5
3 607.0 77.5 53.0 125.5
3 612.0 611.0 55.5 56.25
