0 465.0 321.0 96.5 131.5
0 464.0 286.0 351.0 340.5
3 19.0 274.0 38.0 63.0
3 22.0 181.0 44.0 90.0
3 31.0 437.5 62.0 100.5
3 35.5 257.5 55.0 44.5
3 63.0 335.0 94.5 146.0
3 55.0 232.0 50.5 59.5
3 49.0 170.5 21.5 69.5
3 91.0 184.5 68.0 97.0
3 118.5 433.0 107.5 102.5
3 106.0 283.0 43.0 42.5
3 114.5 251.0 58.5 42.5
3 169.0 331.5 103.5 133.5
3 155.5 191.0 66.0 83.5
3 195.5 249.5 62.0 53.0
3 223.5 429.5 99.5 109.5
3 270.0 278.5 87.0 72.0
3 265.0 245.5 63.0 51.5
3 261.0 219.0 49.0 40.5
3 284.5 330.5 95.5 123.0
