3 128.5 219.5 48.75 61.25
3 176.0 582.5 25.0 26.5
3 176.5 556.5 1.0 27.0
3 197.0 367.5 29.5 33.0
3 200.5 317.0 37.0 43.5
3 202.0 554.5 22.0 35.0
3 218.5 42.5 40.75 48.75
3 214.0 393.5 30.0 23.0
3 213.5 350.0 24.0 37.75
3 247.0 233.5 62.0 63.0
3 247.5 406.5 32.0 36.5
3 246.0 297.5 19.0 23.0
3 262.0 282.5 33.0 53.0
3 301.5 54.0 42.0 54.25
3 330.0 129.5 54.5 66.0
3 327.0 300.0 32.5 50.5
3 330.0 166.5 35.0 25.5
3 340.0 361.5 31.5 32.0
3 377.0 433.5 19.75 20.75
3 400.0 471.0 30.0 39.5
3 403.5 334.0 36.5 42.5
3 399.5 511.0 19.25 33.5
3 421.0 396.5 32.0 43.0
3 428.0 437.0 18.0 26.5
3 433.0 497.0 18.25 27.75
3 443.5 471.0 37.0 39.5
3 457.0 401.0 40.0 46.5
