3 42.0 188.5 19.5 23.5
3 51.5 327.0 22.5 23.0
3 81.5 310.5 22.5 29.5
3 148.0 253.5 23.0 30.0
3 150.5 479.0 13.0 30.5
3 201.0 480.5 24.0 32.0
3 208.0 613.5 17.5 39.5
3 218.5 629.5 15.5 13.5
3 225.5 464.5 7.5 26.5
3 254.5 244.0 13.0 35.5
3 350.0 82.0 15.5 24.0
3 352.5 99.0 14.0 36.25
3 421.5 431.0 13.0 24.5
3 432.0 179.5 16.0 32.0
3 445.5 205.5 26.5 33.0
3 480.5 361.0 12.75 26.0
3 481.5 341.0 10.75 19.75
3 551.0 31.0 15.5 19.5
3 584.0 142.0 15.5 23.5
3 585.0 115.0 12.25 24.0
3 624.0 433.5 13.0 39.5
3 623.5 260.5 10.0 17.25
3 632.0 247.5 12.25 35.0
