3 107.0 547.5 77.5 102.5
3 105.5 444.5 73.25 93.25
3 115.0 619.5 74.0 39.5
3 122.0 181.0 72.25 89.75
3 132.5 120.0 47.0 47.5
3 143.0 79.5 49.5 59.25
3 159.5 23.5 54.75 46.75
3 169.0 490.5 69.0 98.0
3 175.0 210.5 74.5 63.25
3 180.0 588.0 78.0 96.5
3 183.5 147.5 56.0 69.0
3 191.0 96.5 47.0 39.5
3 197.5 58.5 39.5 48.5
3 236.0 430.5 76.25 92.75
3 238.0 183.5 63.0 86.0
3 243.0 616.0 71.75 47.5
3 253.0 66.5 62.0 46.0
3 242.5 367.0 32.0 42.5
3 246.5 44.0 40.0 28.0
3 281.0 198.0 68.5 97.0
3 309.0 485.5 76.25 95.0
3 301.5 143.0 57.0 47.0
3 310.5 588.0 70.0 96.5
3 303.0 49.5 52.0 56.0
3 309.5 98.5 58.0 70.75
3 338.0 423.5 19.75 39.25
3 376.0 100.0 36.5 54.0
3 401.5 614.5 64.0 50.75
3 411.5 543.0 74.0 105.75
3 415.0 12.0 46.5 23.75
3 415.5 78.5 37.5 63.5
3 434.0 112.5 64.25 46.75
3 416.5 32.5 27.0 30.5
3 445.5 373.0 67.25 84.0
3 466.5 490.0 82.75 105.75
3 472.0 590.0 81.5 99.0
3 462.5 51.5 47.25 43.0
3 464.0 175.5 47.5 79.25
3 476.0 88.5 63.0 61.5
3 477.0 11.0 51.5 21.0
3 493.0 142.5 54.0 66.75
3 494.5 377.5 35.5 66.0
3 514.5 213.5 73.0 56.0
3 516.5 423.0 77.0 89.5
3 503.5 364.5 43.25 51.25
3 527.0 73.5 45.5 41.0
3 548.0 611.0 79.75 54.25
3 537.5 111.5 39.5 51.0
3 596.0 472.0 77.5 88.5
3 603.5 566.5 71.0 98.0
