3 24.0 421.5 48.0 87.5
3 45.0 349.5 55.75 86.0
3 85.0 417.5 37.5 30.0
3 102.0 349.0 56.5 84.5
3 131.0 419.0 67.5 99.5
3 222.0 436.0 56.0 82.5
3 278.5 37.0 71.0 74.0
3 317.5 409.0 51.5 84.5
3 323.0 182.0 36.0 74.0
3 331.0 515.0 49.75 62.5
3 328.5 38.5 39.0 77.0
3 328.5 229.5 29.0 42.75
3 337.0 128.0 27.0 54.0
3 347.5 102.5 37.5 48.0
3 358.5 504.5 43.25 78.75
3 353.5 171.0 30.5 59.0
3 354.0 213.5 29.5 41.0
3 361.0 421.5 40.25 97.25
3 361.5 37.0 35.0 74.0
3 374.5 85.0 31.0 36.5
3 382.0 13.5 18.0 27.0
3 389.5 32.0 16.5 62.0
