2 65.0 198.0 85.0 54.0
2 83.5 140.5 73.0 55.5
2 107.0 242.5 79.75 49.25
2 120.5 273.5 79.5 49.5
2 141.0 362.0 78.25 55.5
2 169.5 136.0 81.0 68.5
2 203.0 170.0 95.5 70.5
2 198.0 363.0 52.5 58.5
2 224.5 22.0 89.0 44.0
2 224.0 294.5 77.5 55.0
2 256.0 266.5 85.75 56.0
2 260.0 235.0 77.75 37.75
2 264.5 94.0 86.5 74.5
2 356.5 350.5 97.5 50.5
2 363.0 101.0 97.5 68.5
2 374.5 402.5 90.5 59.5
2 413.5 510.0 69.0 43.0
2 420.0 466.5 82.5 50.5
2 421.5 406.5 53.0 54.75
2 442.0 554.5 84.5 64.0
2 447.0 426.5 94.25 56.0
2 473.0 345.5 73.0 53.0
2 536.5 531.5 91.25 55.0
2 535.5 363.0 73.0 55.0
2 573.0 465.5 108.0 53.0
2 570.5 416.5 96.0 56.0
2 568.5 441.0 84.0 16.5
