0 388.5 402.0 74.0 72.0
0 12.5 360.5 25.0 38.5
0 12.5 484.5 25.0 57.5
0 26.5 388.0 49.0 42.0
0 61.5 328.5 46.0 46.0
0 79.5 477.0 54.5 54.5
0 90.0 148.5 73.0 75.5
0 117.0 466.5 31.5 50.0
0 132.5 167.5 57.5 54.5
0 127.5 340.0 25.0 19.0
0 151.0 60.5 57.5 54.5
0 222.0 467.0 47.0 38.5
0 238.0 354.5 51.0 54.5
0 256.0 440.5 58.5 65.0
0 244.5 543.5 31.5 36.5
0 284.5 303.5 62.5 79.5
0 322.0 251.5 77.5 74.0
0 337.5 467.5 51.0 50.0
0 342.0 546.0 27.0 31.5
0 371.0 532.0 33.5 49.0
0 404.5 192.5 65.0 67.0
0 422.5 548.0 21.0 16.5
0 449.0 201.5 47.0 34.5
0 452.0 486.0 44.0 36.5
0 503.5 601.5 13.5 12.5
0 521.0 601.5 10.5 14.5
0 580.0 575.0 74.0 71.0
0 586.5 516.5 21.0 21.0
0 611.0 379.5 55.5 71.0
0 624.5 473.5 29.5 71.0
