3 213.5 348.0 187.5 210.5
3 53.0 200.0 106.0 136.0
3 68.0 401.5 136.0 198.5
3 42.0 286.0 82.0 112.0
3 88.5 85.5 83.5 110.0
3 155.0 221.0 176.0 194.0
3 187.0 85.0 131.5 89.5
3 194.5 27.0 101.5 40.0
3 286.0 509.5 236.5 257.5
3 242.5 171.0 98.5 107.5
3 272.0 63.5 139.0 120.0
3 334.0 147.5 159.5 122.0
3 364.0 288.0 187.5 159.0
3 363.5 22.0 145.0 44.0
3 457.0 455.5 220.0 247.0
3 446.0 108.5 113.0 110.5
3 466.0 195.0 119.0 70.0
3 470.5 53.0 103.0 75.5
3 562.0 320.0 155.0 174.0
3 571.5 201.5 136.5 142.0
3 542.5 102.0 65.5 97.0
