0 443.0 315.0 72.0 75.0
0 156.0 547.5 72.5 80.0
0 212.0 576.5 63.0 77.5
0 253.5 546.0 60.0 86.0
0 263.0 466.5 54.5 81.0
0 264.0 601.0 40.5 48.5
0 305.5 490.0 60.5 55.0
0 342.0 616.0 48.0 46.5
0 447.0 212.5 62.5 85.0
0 470.0 188.0 55.0 59.0
0 482.5 283.5 70.0 93.5
0 495.0 626.5 65.0 25.0
0 551.5 621.0 57.0 36.5
0 593.0 592.0 63.5 92.5
1 379.5 281.0 130.0 68.5
1 382.5 256.0 123.5 48.5
1 380.5 318.0 51.0 32.5
3 101.5 508.0 60.5 84.0
3 163.5 471.0 63.0 77.5
3 283.5 610.5 60.0 57.5
3 314.5 546.0 60.5 77.5
