2 79.0 479.0 62.5 52.5
2 150.5 324.5 111.0 124.0
2 133.5 466.5 37.0 29.5
2 207.0 377.0 6.25 8.25
2 219.0 554.0 9.0 15.0
2 231.5 387.5 33.0 32.75
2 228.5 548.5 9.0 13.25
2 231.0 587.5 7.75 18.75
2 241.0 552.5 12.5 16.0
2 243.0 588.0 13.0 12.5
2 287.0 532.0 74.5 113.0
2 313.5 387.0 90.0 149.75
2 326.5 549.0 19.5 20.5
2 383.5 536.0 107.0 134.0
2 391.0 275.0 101.5 81.75
2 357.0 577.0 10.0 17.5
2 363.0 549.0 12.25 25.5
2 374.5 372.0 32.0 20.5
2 472.5 568.0 55.25 80.0
2 509.5 387.5 59.0 57.0
2 570.0 286.5 75.5 76.5
2 586.5 390.0 37.25 84.25
