3 15.0 424.0 17.5 29.75
3 47.5 387.0 16.75 25.75
3 63.0 366.0 19.75 20.5
3 70.0 272.5 17.0 18.5
3 78.0 496.5 11.5 24.75
3 94.5 338.5 22.0 31.5
3 121.0 365.5 16.5 22.0
3 131.0 250.5 13.5 25.25
3 132.0 119.5 14.0 21.0
3 138.5 294.5 21.5 34.0
3 153.0 356.0 26.25 18.0
3 176.0 29.0 17.0 24.5
3 178.0 605.0 18.0 29.75
3 181.5 62.5 19.0 32.75
3 181.5 81.5 14.0 22.0
3 186.0 10.0 20.0 20.0
3 203.5 628.5 15.25 22.0
3 213.5 542.5 20.75 35.25
3 221.5 69.5 12.0 27.0
3 227.0 83.0 11.75 30.0
3 245.0 97.5 10.0 16.0
3 258.0 106.5 15.0 17.0
3 282.0 94.5 15.5 22.0
3 296.5 78.5 19.25 30.75
3 362.5 407.0 17.0 23.75
3 395.5 367.5 20.5 25.5
3 397.0 390.0 22.0 17.75
3 403.0 444.5 10.5 33.0
3 431.0 352.5 16.5 25.5
3 454.0 340.5 22.0 37.25
3 461.5 539.0 29.5 37.5
3 484.5 536.0 20.75 28.0
3 492.5 392.5 21.0 29.5
3 506.0 358.5 15.5 36.0
3 527.0 327.0 13.0 33.5
3 533.5 407.0 15.25 23.75
3 544.5 314.5 12.5 23.5
3 552.0 432.5 21.0 23.5
3 551.0 392.0 9.75 23.75
3 557.0 572.5 17.0 38.5
