3 32.0 295.0 24.25 13.5
3 72.5 221.0 16.0 16.5
3 77.0 161.5 23.75 19.25
3 109.5 269.0 18.0 8.0
3 121.5 259.5 16.0 7.5
3 124.5 317.5 20.0 10.0
3 142.0 295.0 24.5 19.5
3 157.0 216.0 24.5 16.5
3 180.5 212.0 23.0 15.5
3 183.0 52.0 21.5 13.0
3 183.0 73.0 11.5 13.0
3 197.0 310.0 18.5 16.25
3 241.0 202.0 29.5 15.0
3 251.5 191.0 29.5 13.0
3 262.0 267.5 27.75 21.25
3 275.0 185.5 14.25 11.0
3 291.0 196.0 21.5 9.5
3 292.5 273.0 24.5 13.0
3 303.0 238.0 24.25 15.5
3 311.0 92.0 12.0 14.25
3 320.5 200.5 18.0 14.75
3 335.5 100.0 8.5 10.0
3 402.5 122.0 13.0 19.5
3 440.0 135.0 29.5 12.0
3 482.0 296.5 27.5 18.5
