0 428.0 182.0 43.75 66.0
0 122.5 416.0 25.5 34.0
0 196.0 582.5 24.5 38.0
0 220.5 440.5 29.0 39.5
0 218.0 497.0 22.0 39.5
0 278.0 343.5 22.0 32.5
0 279.0 240.0 22.5 22.0
0 285.0 437.5 22.25 53.0
0 292.5 505.0 30.5 49.0
0 313.5 528.5 39.25 58.0
0 319.0 429.0 14.25 18.25
0 336.0 492.5 38.25 56.75
0 337.5 439.0 30.75 38.25
0 345.0 165.5 35.5 50.5
0 346.5 582.5 33.0 33.0
0 363.0 194.5 27.0 54.0
0 408.0 323.0 38.0 65.5
0 417.5 216.5 37.5 44.5
0 437.0 368.5 35.0 53.0
0 453.0 533.0 19.75 51.75
0 467.0 301.5 41.75 56.75
0 476.5 526.0 27.5 26.0
0 489.5 330.0 31.0 54.5
0 516.0 544.0 37.5 49.0
0 513.0 581.0 28.0 38.5
