3 23.0 186.5 45.75 64.75
3 29.5 255.5 47.0 68.0
3 26.0 315.0 22.25 60.25
3 84.0 308.5 35.0 58.5
3 191.0 299.0 49.5 58.5
3 196.0 584.0 47.5 81.75
3 233.5 108.5 65.0 97.0
3 227.5 304.5 46.0 59.25
3 240.5 415.5 44.5 63.0
3 252.5 177.5 56.0 75.25
3 288.5 109.5 53.5 90.0
3 294.0 563.0 34.0 62.0
3 390.5 455.5 45.5 78.0
3 405.5 377.0 54.0 87.5
3 448.5 200.5 39.0 58.5
3 459.0 113.0 42.0 58.5
3 480.5 73.0 39.5 56.0
3 494.0 163.5 32.25 45.0
3 523.5 386.0 31.25 52.0
3 543.5 466.0 42.0 47.5
3 541.5 240.0 28.75 40.0
3 544.5 311.0 35.0 53.75
3 587.5 519.5 49.5 71.5
3 594.0 338.0 41.5 51.0
