3 222.0 240.0 111.5 235.5
3 25.0 552.0 49.5 172.0
3 27.0 269.0 54.0 266.0
3 60.0 149.0 96.0 160.0
3 61.5 465.0 75.0 223.0
3 62.0 602.5 50.5 71.0
3 101.0 263.5 88.0 191.5
3 142.0 582.5 108.0 110.5
3 155.0 189.5 54.25 91.0
3 163.0 337.0 54.25 73.5
3 162.0 250.0 23.5 112.25
3 212.0 620.0 38.25 35.75
3 260.0 503.5 109.0 260.5
3 305.0 586.5 124.0 102.5
3 299.0 160.0 97.0 225.0
3 329.0 409.0 105.5 280.25
3 351.0 244.0 77.75 92.5
3 405.5 537.5 101.0 201.25
3 420.0 318.0 115.5 248.5
3 442.5 185.5 75.0 87.0
3 502.5 460.0 109.0 248.5
3 516.5 602.5 103.0 71.0
3 521.0 267.5 110.25 172.0
3 575.0 422.5 53.0 134.5
3 597.5 531.5 83.0 213.5
3 612.5 307.0 53.5 207.5
