0 26.0 336.0 39.5 44.5
0 13.0 488.5 10.0 13.5
0 49.5 489.0 43.0 48.5
0 62.0 601.5 35.0 53.5
0 79.5 223.0 31.0 47.0
0 91.0 523.0 34.5 44.0
0 112.0 235.5 41.0 57.0
0 117.0 508.5 14.5 36.0
0 137.5 505.5 29.5 44.5
0 137.0 543.5 24.0 34.0
0 149.5 187.0 22.5 42.0
0 170.0 222.0 32.0 46.0
0 179.0 179.5 36.0 59.5
0 223.0 423.5 32.0 44.0
0 255.0 413.0 27.5 53.5
0 256.0 311.5 27.5 47.0
0 287.5 353.0 20.5 36.0
0 316.5 257.0 29.5 42.0
0 316.5 433.5 23.0 28.5
0 321.5 511.0 18.0 20.0
0 434.0 554.5 185.0 169.5
0 475.0 287.5 27.0 44.5
0 565.0 470.0 28.0 38.5
