3 326.5 353.5 135.0 199.0
3 82.0 404.0 111.5 163.5
3 89.5 527.5 125.5 175.5
3 99.0 234.0 110.0 181.5
3 134.0 614.0 74.0 51.0
3 200.5 330.0 118.0 163.5
3 231.5 468.0 150.0 164.5
3 218.0 190.0 112.5 165.5
3 244.0 568.0 139.5 143.0
3 266.5 283.0 22.0 54.5
3 328.5 218.0 79.0 83.5
3 362.0 588.0 107.0 103.0
3 413.0 236.0 127.0 133.0
3 444.5 362.5 117.0 172.0
3 471.0 579.5 133.0 114.0
3 514.5 595.5 169.25 87.25
3 483.0 251.5 50.5 95.0
3 531.5 354.0 96.0 152.25
3 525.5 473.0 79.0 103.5
3 587.0 520.0 102.5 188.0
