0 553.5 460.0 78.0 107.5
0 11.0 476.0 22.0 58.0
0 29.0 252.5 30.5 18.5
0 48.5 268.5 23.0 35.25
0 61.0 313.0 30.5 36.0
0 69.0 278.0 34.25 39.75
0 107.0 571.5 33.5 50.5
0 116.0 488.5 34.5 50.5
0 133.0 295.5 42.5 50.75
0 138.0 533.5 41.0 54.0
0 151.5 467.0 35.0 49.5
0 157.0 262.5 40.0 48.0
0 165.0 326.0 46.0 47.5
0 183.0 288.0 37.0 55.0
0 334.5 434.0 55.0 84.0
0 372.0 562.5 66.5 99.5
0 374.5 321.5 48.75 47.25
0 462.0 265.5 37.5 42.0
0 471.0 227.0 37.5 50.5
0 496.0 280.5 50.0 49.0
0 495.0 423.5 45.5 72.75
0 537.0 274.0 38.5 44.0
0 609.0 446.5 58.0 83.25
0 611.5 221.0 50.0 49.5
0 603.0 254.5 29.75 51.25
0 628.0 244.0 23.5 55.5
0 629.5 287.5 20.75 28.0
0 637.5 213.0 4.0 8.25
