3 394.5 357.5 114.75 174.75
3 23.0 20.5 46.0 41.0
3 38.0 261.5 76.0 166.5
3 41.5 102.0 83.0 152.25
3 25.0 401.0 46.5 122.0
3 89.0 445.0 105.5 137.5
3 83.5 59.5 91.0 119.0
3 81.5 189.0 51.5 104.5
3 123.5 316.5 92.0 145.5
3 173.0 73.0 90.5 78.0
3 191.0 23.0 93.5 45.5
3 196.0 449.5 88.25 128.0
3 196.0 242.5 59.0 93.5
3 233.0 332.5 118.5 147.25
3 253.0 165.0 108.0 172.25
3 270.0 89.0 85.0 87.0
3 271.5 18.5 61.5 37.0
3 294.5 436.5 104.5 141.5
3 325.0 245.5 101.75 144.0
3 344.0 38.5 96.0 77.0
3 370.5 117.5 118.75 151.25
3 414.0 210.0 101.5 136.5
3 433.5 19.0 75.0 38.0
3 433.5 102.5 67.0 130.75
