0 456.0 128.0 149.75 134.0
0 2.5 290.0 5.0 14.25
0 3.0 408.0 5.75 22.0
0 3.0 431.5 5.75 20.0
0 4.0 274.0 7.75 22.0
0 6.5 265.0 13.0 18.0
0 63.5 403.5 127.0 150.0
0 8.0 284.0 7.5 16.5
0 14.0 286.5 12.5 18.0
0 18.5 272.5 7.5 6.5
0 21.0 293.5 9.0 12.5
0 27.0 269.5 10.0 5.0
0 30.0 283.0 15.5 22.0
0 30.0 166.0 7.0 17.5
0 40.5 277.5 14.0 21.0
0 65.5 517.5 56.0 55.0
0 64.0 118.0 47.5 77.75
0 94.0 184.5 8.5 17.5
0 97.5 627.0 13.0 16.0
0 150.0 69.0 116.5 104.25
0 174.0 483.5 154.25 177.25
0 177.5 210.5 14.0 22.0
0 210.5 615.0 80.5 48.5
0 193.0 178.5 22.5 31.0
0 232.0 146.0 100.0 75.5
0 264.0 237.5 15.5 24.75
0 344.5 551.0 175.0 176.25
0 314.0 140.0 95.5 80.0
0 360.0 213.5 29.5 42.0
0 405.0 280.5 16.25 24.75
0 480.0 242.0 38.25 51.75
0 525.5 241.5 23.0 43.0
0 591.5 211.0 96.0 113.75
0 598.0 598.5 83.5 81.25
0 582.0 327.5 23.5 32.0
0 625.0 293.5 29.0 47.0
