2 223.0 371.5 33.5 64.5
2 226.0 291.0 36.0 84.5
2 239.0 228.5 16.5 64.5
2 239.0 426.5 13.0 64.0
2 257.5 253.5 48.5 96.0
2 252.5 165.5 35.5 77.5
2 279.0 124.5 28.0 52.5
2 288.5 527.0 37.5 105.0
2 287.0 189.0 29.5 70.5
2 305.5 404.5 59.0 87.5
2 326.0 119.0 39.0 64.0
2 346.5 485.5 57.0 106.5
2 342.0 194.0 22.5 39.0
2 366.5 406.0 45.0 91.0
2 372.0 125.0 46.0 82.0
2 375.5 522.5 53.5 91.0
2 378.0 251.5 41.5 55.5
2 403.0 176.5 32.0 42.5
2 417.0 472.0 51.0 106.5
2 425.0 242.0 48.5 123.5
2 429.5 408.0 43.0 71.0
2 437.5 334.5 46.0 87.5
