3 477.0 321.0 48.0 56.5
3 52.0 435.5 32.5 41.5
3 91.5 467.0 39.5 47.0
3 96.0 418.5 39.0 36.5
3 102.0 392.5 42.0 43.0
3 131.0 500.5 25.5 32.0
3 133.0 393.0 30.5 48.5
3 149.5 460.5 36.5 41.0
3 155.5 338.0 34.0 32.0
3 160.5 500.5 39.0 45.0
3 164.0 295.0 32.5 45.5
3 166.5 407.5 38.0 34.0
3 172.0 242.5 36.5 47.5
3 175.5 388.5 43.5 33.0
3 195.5 501.5 40.0 63.0
3 192.5 309.5 29.5 49.5
3 193.5 208.5 27.0 33.0
3 206.0 413.5 36.5 36.5
3 215.0 171.5 31.0 50.5
3 216.0 237.0 31.5 30.0
3 224.0 275.0 32.5 32.0
3 236.0 475.5 42.0 61.5
3 247.5 229.0 29.5 58.0
3 254.0 298.5 35.0 51.5
3 272.5 449.0 35.0 50.5
3 278.0 218.0 32.5 49.5
3 299.0 250.5 30.0 37.5
3 302.5 156.0 37.0 53.0
3 309.5 343.0 39.0 44.5
3 314.0 396.0 30.0 42.0
3 320.5 216.0 28.0 38.5
3 342.0 360.5 25.0 29.5
3 345.0 326.5 28.0 28.5
3 349.0 404.5 35.5 65.0
3 376.5 288.5 35.0 40.5
3 377.0 363.0 27.0 50.5
3 377.5 326.5 28.0 28.5
3 386.0 247.0 35.0 36.5
3 385.5 416.0 25.0 43.5
3 419.5 265.5 21.5 47.5
3 427.0 391.0 33.0 41.0
3 437.0 221.5 41.0 30.0
3 443.5 355.5 34.5 53.0
3 517.0 239.5 32.0 46.5
3 535.0 265.5 31.0 34.0
