3 85.5 340.5 68.0 134.0
3 17.0 516.5 34.0 153.0
3 24.5 432.0 49.0 84.5
3 41.0 152.5 73.75 157.25
3 30.0 390.5 47.5 52.5
3 40.0 295.0 32.5 138.0
3 75.0 552.5 101.0 128.5
3 98.0 228.5 58.0 119.5
3 138.5 592.5 92.0 94.0
3 138.5 188.5 67.0 76.0
3 137.0 329.5 45.0 130.0
3 169.0 503.0 109.5 172.0
3 148.5 253.5 37.0 60.75
3 191.0 216.5 60.0 104.75
3 201.5 304.0 64.0 134.0
3 226.0 363.0 93.5 174.5
3 202.5 154.0 41.0 71.5
3 203.0 618.5 37.0 41.0
3 255.0 151.0 85.5 131.75
3 271.5 475.0 110.75 170.25
3 264.0 235.5 62.0 66.75
3 277.0 597.0 74.0 84.5
3 282.5 329.5 63.0 121.0
3 287.0 97.5 48.0 85.0
3 310.0 313.0 59.5 74.25
3 326.5 165.5 53.0 87.25
3 353.0 575.5 89.5 94.0
3 342.0 58.0 56.25 111.75
3 355.0 501.0 65.75 92.0
3 355.5 248.5 64.0 139.25
3 352.0 399.5 52.0 143.5
3 392.0 30.0 77.0 59.5
3 397.0 124.5 66.5 102.75
3 392.0 222.5 52.5 104.0
3 402.0 325.0 61.75 107.75
3 419.0 75.5 71.0 114.0
3 446.0 520.0 125.0 130.0
3 415.0 428.0 58.5 86.0
3 429.0 216.5 31.0 95.5
3 474.0 346.5 68.5 141.0
3 465.5 118.0 36.0 95.75
3 495.5 293.5 96.0 116.0
3 497.0 78.5 38.5 104.75
3 512.0 22.5 51.5 45.0
3 540.0 420.0 83.5 127.0
3 540.5 513.0 84.75 77.75
3 526.0 196.0 40.5 73.0
3 547.5 154.0 54.75 52.25
3 563.5 108.0 61.5 84.5
3 577.5 287.5 79.25 119.25
3 589.0 205.0 71.75 109.5
3 592.0 399.0 68.5 125.75
3 607.5 161.0 59.0 48.0
3 627.0 358.5 25.75 89.0
3 626.5 272.5 20.75 92.0
3 632.0 453.5 15.5 92.0
