3 8.0 125.5 15.0 64.0
3 41.0 495.0 38.0 53.5
3 58.0 424.0 26.5 38.0
3 73.0 436.0 32.0 50.5
3 94.5 612.0 43.5 55.0
3 135.0 594.5 41.5 52.5
3 147.5 534.5 41.0 54.5
3 205.5 248.0 108.5 135.5
3 183.5 126.5 44.5 41.0
3 186.0 543.0 45.0 54.5
3 213.5 337.0 50.0 56.0
3 209.5 589.0 41.0 53.5
3 243.0 397.5 55.0 72.5
3 298.0 489.0 50.0 63.0
3 297.0 620.5 45.0 38.0
3 352.0 300.0 151.0 140.0
3 313.0 11.0 57.0 22.0
3 312.0 46.5 41.5 35.5
3 319.0 571.5 41.0 60.0
3 342.0 432.5 33.0 20.0
3 356.0 474.0 55.0 72.5
3 485.0 359.0 66.5 81.0
3 491.0 278.0 78.5 102.0
3 508.0 26.0 76.0 52.0
3 536.0 36.5 52.0 73.0
3 566.0 480.0 76.0 96.5
3 621.5 352.0 35.5 97.0
