4 31.5 41.5 49.5 59.0
4 31.5 375.5 47.25 65.0
4 35.0 433.5 52.25 51.0
4 37.0 100.0 52.25 62.25
4 37.5 236.5 49.25 66.0
4 41.5 170.5 46.75 66.0
4 42.0 507.5 45.5 71.0
4 44.0 563.5 45.5 36.5
4 86.5 268.0 53.25 62.25
4 86.5 541.0 43.25 65.5
4 83.0 22.0 28.0 20.0
4 92.0 335.5 44.5 70.0
4 141.5 434.0 50.5 54.5
4 139.0 22.0 41.5 32.0
4 142.0 504.0 43.5 66.0
4 134.5 380.5 25.0 67.25
4 476.5 40.0 40.75 64.0
4 531.0 134.5 51.5 58.0
4 535.0 69.0 49.75 70.0
4 530.0 206.5 34.0 67.5
4 582.0 42.5 48.5 59.0
4 586.0 95.0 56.0 58.0
4 581.0 165.5 44.25 64.0
4 589.5 237.0 56.0 53.5
4 583.5 377.0 41.5 65.0
4 591.5 306.0 58.0 72.0
4 588.0 563.5 43.5 36.5
4 619.0 333.5 20.25 54.75
