0 569.0 282.0 108.0 143.0
0 96.5 219.0 193.0 438.0
0 170.0 491.0 72.0 100.25
0 187.5 386.0 72.0 102.25
0 194.0 527.0 42.0 113.5
0 219.5 373.5 49.0 99.0
0 240.5 195.5 73.25 115.25
0 219.5 428.5 11.5 17.5
0 239.0 250.0 18.5 31.5
0 324.0 518.5 188.5 241.5
0 272.0 265.5 80.5 95.0
0 292.0 112.5 71.0 103.5
0 329.0 165.0 70.5 69.5
0 321.0 239.0 25.5 37.75
0 418.0 254.0 208.5 316.25
0 541.0 413.5 98.5 134.75
0 597.5 194.0 84.0 110.5
0 603.0 481.0 58.0 52.25
0 612.0 430.0 55.5 136.5
0 634.0 312.0 11.0 93.0
