3 65.5 510.0 46.0 68.0
3 92.5 184.5 53.0 88.5
3 91.0 454.5 44.5 68.0
3 126.0 328.0 45.5 77.5
3 136.0 445.5 48.5 71.5
3 139.5 87.5 53.0 83.5
3 148.5 382.5 45.5 57.0
3 162.5 215.0 44.5 75.5
3 175.5 297.0 58.5 85.0
3 196.5 368.0 48.0 68.5
3 244.0 435.0 47.0 85.0
3 322.5 85.5 27.0 38.5
3 405.0 50.5 57.0 79.0
3 422.5 344.0 50.5 78.0
3 433.0 202.0 58.0 76.0
3 453.5 305.0 37.0 49.5
3 496.5 52.5 47.0 60.5
3 520.0 354.0 54.5 70.0
3 555.5 231.5 31.5 61.5
3 591.5 378.0 50.0 81.0
3 591.5 469.5 49.5 75.5
3 626.5 384.5 26.0 79.5
3 628.0 89.5 23.0 65.0
3 630.0 581.5 18.0 70.0
