2 19.0 455.0 37.0 63.5
2 13.5 463.5 9.0 19.0
2 18.5 434.5 6.0 13.0
2 81.0 489.5 119.0 212.0
2 139.0 476.5 19.0 22.0
2 144.0 499.0 17.5 21.0
2 143.0 416.0 13.0 22.5
2 162.0 495.0 14.5 16.5
2 164.0 381.0 11.5 19.0
2 201.0 348.5 66.5 89.0
2 180.5 496.0 11.0 20.5
2 206.0 208.0 11.5 18.0
2 212.5 226.5 13.0 18.5
2 213.5 181.5 10.0 19.0
2 221.5 174.0 5.5 13.5
2 226.0 177.0 11.5 19.0
2 236.5 122.0 11.5 20.5
2 258.0 137.0 50.5 72.5
2 258.0 182.0 14.5 22.5
2 281.5 206.5 16.0 17.0
2 311.0 135.5 17.0 20.5
2 309.5 120.5 10.5 12.0
