3 94.0 412.0 26.5 41.0
3 119.0 389.0 28.0 37.5
3 119.0 420.0 27.0 32.5
3 143.0 183.0 37.5 32.0
3 141.5 110.0 29.5 33.0
3 141.0 125.5 27.0 36.0
3 156.0 153.5 37.0 39.0
3 157.0 244.0 35.0 60.0
3 168.0 87.0 18.0 20.0
3 176.5 121.0 29.0 26.5
3 175.0 103.0 23.0 29.5
3 180.0 200.5 33.0 29.5
3 192.5 375.5 31.0 47.0
3 191.5 150.0 25.0 32.0
3 197.5 429.0 27.5 80.0
3 199.0 353.0 30.5 70.5
3 204.5 175.5 27.0 33.0
3 203.5 91.5 21.0 22.5
3 211.0 457.0 23.5 47.0
3 223.0 142.5 29.0 42.0
3 230.0 481.0 39.5 45.5
3 222.5 324.0 22.5 24.5
3 227.0 391.0 26.0 41.0
3 228.0 354.5 24.5 36.5
3 230.0 79.0 19.5 33.0
3 238.0 510.5 29.0 50.5
3 239.5 164.5 27.0 27.0
3 240.5 104.5 29.0 36.5
3 249.0 436.5 41.0 65.5
3 247.0 122.0 32.0 45.5
3 251.0 584.5 39.0 57.5
3 252.5 390.5 34.5 54.0
3 251.5 539.0 26.5 41.0
3 253.5 340.5 22.5 50.5
3 256.5 311.5 21.5 22.5
3 268.0 202.0 39.0 48.0
3 272.5 617.5 45.0 43.5
3 271.0 422.5 27.0 29.5
3 276.0 507.5 33.0 44.5
3 278.0 444.0 29.0 43.5
3 289.0 566.5 44.5 75.0
3 281.0 385.5 26.0 44.5
3 286.0 347.5 36.0 45.5
3 282.0 317.5 15.5 30.0
3 297.0 475.0 34.5 40.5
3 296.0 405.0 23.0 62.0
3 305.5 303.5 28.0 35.5
3 309.0 340.0 30.5 51.5
3 313.0 530.0 38.0 40.5
3 324.0 578.5 29.0 56.0
3 325.5 456.0 18.0 51.5
3 333.0 407.5 32.0 36.5
3 331.5 331.0 25.0 41.5
3 342.0 370.0 27.0 43.5
3 347.5 451.5 26.5 38.0
3 359.5 495.5 42.0 45.5
3 357.0 556.5 33.0 62.0
3 364.0 386.0 29.5 48.0
3 361.0 349.0 15.5 18.5
3 373.0 426.5 33.5 48.0
3 385.0 540.0 34.5 67.5
3 394.0 522.0 43.0 51.5
3 398.0 471.5 40.0 42.0
3 397.0 440.5 31.0 15.5
3 398.5 401.5 25.0 41.5
3 423.5 510.5 33.0 60.0
