3 5.0 326.5 10.0 42.0
3 23.0 404.5 16.0 32.0
3 54.5 365.0 30.0 32.0
3 72.5 197.0 39.0 49.75
3 123.0 551.5 42.5 57.5
3 133.0 217.0 38.0 42.5
3 142.0 469.0 54.0 62.0
3 162.5 151.0 37.0 48.25
3 186.5 423.5 59.0 73.0
3 192.0 189.5 30.0 34.0
3 224.5 485.0 52.0 56.25
3 243.5 225.5 19.0 32.0
3 313.5 326.5 55.0 69.0
3 343.0 251.0 49.0 42.5
3 373.5 476.5 44.0 53.25
3 526.0 406.0 55.5 77.75
3 579.0 533.5 52.0 65.0
3 579.0 629.5 45.0 19.5
3 594.0 435.5 62.0 62.0
3 603.5 503.0 45.0 53.0
3 635.0 173.5 9.5 59.5
