3 0.165625 0.076563 0.146875 0.121875
3 0.262500 0.182031 0.040625 0.057813
3 0.285156 0.175000 0.039062 0.046875
3 0.288281 0.293750 0.045312 0.059375
3 0.327344 0.198437 0.048438 0.046875
3 0.354687 0.146875 0.028125 0.040625
3 0.364063 0.393750 0.021875 0.056250
3 0.377344 0.355469 0.048438 0.057813
3 0.381250 0.228906 0.025000 0.060937
3 0.385156 0.140625 0.026562 0.053125
3 0.410938 0.237500 0.034375 0.065625
3 0.521094 0.466406 0.026562 0.042188
3 0.596875 0.562500 0.053125 0.068750
3 0.642188 0.932031 0.078125 0.073438
3 0.650000 0.842187 0.062500 0.093750
3 0.650000 0.757812 0.053125 0.062500
3 0.696875 0.601562 0.084375 0.081250
3 0.717969 0.715625 0.042188 0.093750
3 0.732031 0.929688 0.057813 0.090625
3 0.821875 0.034375 0.081250 0.068750
3 0.850000 0.373437 0.053125 0.037500
3 0.917969 0.285938 0.067187 0.084375
