0 409.5 273.0 181.0 145.0
0 5.0 377.5 10.0 19.0
0 6.0 404.0 11.5 15.5
0 18.5 365.0 27.0 20.0
0 24.5 344.0 33.5 19.0
0 22.5 158.0 11.5 9.0
0 30.5 214.0 25.0 16.5
0 54.0 13.0 68.5 25.5
0 45.5 323.5 17.0 15.0
0 143.0 372.5 52.5 37.0
0 164.5 34.0 87.5 64.5
0 228.5 475.5 195.0 139.0
0 271.0 567.5 182.0 115.0
0 275.0 181.0 172.5 147.5
0 263.0 99.0 14.5 10.0
0 447.5 135.0 185.0 143.5
0 367.5 176.0 19.0 13.0
0 368.0 167.0 8.5 6.5
0 411.0 398.0 36.5 21.0
0 415.0 432.0 20.5 13.0
0 464.5 387.5 38.0 19.5
0 477.0 407.0 36.5 13.0
0 478.0 478.0 30.5 13.0
0 485.5 597.5 19.0 26.0
0 503.5 387.5 32.0 22.0
0 511.0 410.5 35.0 24.0
0 510.0 244.0 22.0 16.5
0 522.0 237.0 13.5 9.0
0 529.0 616.5 24.5 14.0
0 567.0 273.0 22.0 18.5
0 585.5 383.0 16.0 14.5
0 630.0 208.5 16.0 7.5
