3 62.5 147.0 15.5 28.5
3 93.5 104.5 24.75 35.0
3 204.0 89.5 22.0 30.5
3 225.5 91.5 23.0 35.5
3 230.5 204.0 26.5 24.5
3 233.0 188.5 24.0 32.0
3 244.0 341.5 19.0 29.5
3 250.0 362.0 15.5 26.0
3 268.0 345.0 17.0 22.5
3 272.0 38.0 24.5 42.0
3 277.5 97.5 27.0 35.5
3 281.5 337.5 13.0 27.0
3 295.5 8.0 22.5 15.5
3 294.5 30.0 17.0 33.0
3 298.0 381.0 18.0 27.75
3 313.5 205.5 16.5 30.0
3 331.0 217.5 22.25 28.75
3 351.0 366.0 18.0 20.0
3 364.5 313.5 15.25 26.0
3 393.0 85.5 25.75 38.75
3 399.5 255.5 21.0 33.25
3 406.0 131.5 26.25 39.25
3 418.0 173.5 16.5 29.5
3 437.0 283.5 21.0 24.5
3 456.0 175.5 25.0 33.0
3 492.5 216.0 25.25 43.75
3 522.5 138.5 20.75 30.75
3 539.5 274.5 21.25 36.75
3 614.5 144.0 20.75 34.25
3 631.5 250.0 16.75 32.0
