2 0.045312 0.529687 0.090625 0.228906
2 0.050781 0.309375 0.101562 0.227344
2 0.100781 0.104688 0.168750 0.209375
2 0.082812 0.304688 0.101562 0.209375
2 0.113281 0.529687 0.098437 0.216406
2 0.163281 0.284375 0.120313 0.185156
2 0.223438 0.455469 0.166406 0.257812
2 0.202344 0.212500 0.098437 0.109375
2 0.228906 0.046094 0.130469 0.092188
2 0.291406 0.277344 0.123438 0.144531
2 0.319531 0.133594 0.150000 0.236719
2 0.365625 0.640625 0.129688 0.149219
2 0.391406 0.555469 0.157031 0.242188
2 0.461719 0.103906 0.141406 0.207031
2 0.481250 0.707812 0.087500 0.130469
2 0.540625 0.236719 0.160156 0.246094
2 0.573438 0.450781 0.154688 0.241406
2 0.617969 0.850000 0.148438 0.164844
2 0.628125 0.785156 0.125781 0.167187
2 0.653125 0.671875 0.136719 0.205469
2 0.655469 0.453906 0.112500 0.227344
2 0.751563 0.617969 0.132812 0.232813
