0 0.259375 0.560937 0.517969 0.521875
0 0.855469 0.790625 0.154688 0.166406
0 0.848437 0.928906 0.136719 0.140625
0 0.948438 0.916406 0.101562 0.164844
0 0.954688 0.787500 0.089844 0.150000
3 0.296094 0.074219 0.128125 0.138281
3 0.056250 0.216406 0.112500 0.187500
3 0.093750 0.079687 0.136719 0.159375
3 0.172656 0.216406 0.129688 0.177344
3 0.389062 0.198437 0.125781 0.140625
3 0.433594 0.078125 0.128906 0.141406
3 0.515625 0.189844 0.128906 0.157031
3 0.539062 0.056250 0.113281 0.112500
3 0.622656 0.174219 0.121094 0.166406
3 0.662500 0.055469 0.109375 0.110937
3 0.735938 0.172656 0.121094 0.171875
