0 30.5 107.5 61.0 111.5
0 32.5 258.0 65.0 84.5
0 62.0 25.5 124.0 50.5
0 92.5 429.0 184.5 268.0
0 39.5 610.0 75.0 58.5
0 108.0 146.5 82.5 51.0
0 171.0 260.5 141.5 141.5
0 145.0 39.0 77.5 40.5
0 172.0 167.0 104.0 87.0
0 249.0 564.0 211.5 149.5
0 204.0 86.0 90.0 104.5
0 261.0 22.5 154.0 45.0
0 274.5 451.0 157.0 127.5
0 308.5 104.0 108.5 126.5
0 342.0 245.5 172.0 212.0
0 469.0 98.0 273.0 195.5
0 461.0 554.0 196.0 171.0
0 446.5 404.0 155.0 125.0
0 469.5 277.5 122.5 155.0
0 561.5 231.0 156.5 244.5
0 556.5 629.0 66.5 20.5
0 586.5 383.0 106.5 119.5
0 603.5 518.0 72.5 138.0
0 613.0 626.0 53.0 27.0
