3 0.028125 0.696094 0.056250 0.139063
3 0.064844 0.645312 0.077344 0.087500
3 0.165625 0.918750 0.188281 0.151562
3 0.161719 0.089063 0.073438 0.132812
3 0.279687 0.182031 0.103906 0.144531
3 0.292969 0.295312 0.060937 0.083594
3 0.347656 0.374219 0.106250 0.107813
3 0.426563 0.581250 0.114844 0.133594
3 0.403125 0.059375 0.035156 0.060156
3 0.451562 0.089844 0.105469 0.149219
3 0.546875 0.652344 0.171875 0.246875
3 0.507812 0.082812 0.067969 0.145313
3 0.607812 0.346094 0.237500 0.336719
3 0.810937 0.897656 0.114844 0.202344
