3 130.0 346.0 13.0 17.0
3 150.0 390.5 19.5 18.0
3 155.5 348.5 9.0 19.0
3 162.5 315.0 18.75 7.75
3 186.5 368.0 18.75 16.25
3 191.0 180.0 18.25 19.5
3 198.0 378.0 12.5 23.75
3 215.5 398.0 13.0 16.25
3 221.5 348.5 16.75 12.75
3 233.5 41.5 14.0 17.0
3 238.0 12.5 23.0 14.0
3 243.5 312.0 18.75 12.25
3 267.0 34.0 28.25 8.5
3 263.0 396.0 18.25 12.25
3 266.0 427.0 8.5 17.5
3 271.5 301.0 11.0 6.25
3 275.0 373.5 18.5 18.0
3 292.0 321.0 12.5 17.5
3 302.5 413.0 16.75 14.0
3 309.5 323.5 24.0 11.5
3 317.5 446.5 17.5 19.5
3 318.0 375.0 14.0 13.0
3 326.0 431.0 17.5 15.5
3 355.0 439.5 23.0 7.5
3 361.0 332.5 28.25 10.0
3 367.0 309.5 31.5 17.0
3 374.5 104.5 16.75 11.25
3 380.0 436.0 18.5 12.5
3 384.0 74.0 19.75 16.5
3 396.5 211.0 36.0 21.5
3 390.0 446.5 12.0 8.0
3 418.5 322.0 34.0 18.0
3 426.5 276.5 24.0 16.75
3 453.5 256.5 21.0 16.75
3 464.0 411.0 17.5 18.0
3 464.5 163.5 16.75 14.75
3 464.5 426.5 16.75 12.75
3 470.0 446.5 18.5 7.5
3 482.5 352.5 19.25 14.0
3 484.0 175.5 23.5 15.25
3 479.0 466.5 9.0 6.5
3 498.0 330.0 22.0 23.5
3 501.0 91.0 19.5 15.5
3 499.5 113.0 14.0 13.5
3 509.5 362.5 18.75 20.75
3 512.0 236.5 15.75 17.0
3 534.0 305.0 22.0 26.0
3 608.5 423.5 17.5 13.0
3 619.0 433.0 22.0 6.5
