3 368.0 421.5 52.5 53.0
3 194.0 200.0 29.75 43.5
3 209.5 220.0 25.25 32.0
3 218.0 344.5 27.75 47.25
3 231.5 396.5 30.0 63.0
3 248.5 357.0 27.25 50.25
3 252.5 207.0 32.75 35.75
3 250.0 315.0 17.5 35.5
3 255.5 186.5 22.75 27.25
3 264.5 289.5 34.5 56.0
3 264.5 203.5 30.0 28.5
3 266.5 402.5 25.0 39.25
3 269.0 320.0 25.0 45.5
3 275.5 179.0 21.0 20.0
3 281.5 310.0 14.0 38.5
3 289.5 171.0 20.0 25.75
3 296.5 374.0 26.0 60.25
3 298.0 196.5 20.5 22.0
3 308.0 313.5 28.0 45.25
3 307.0 172.0 16.0 20.0
3 316.0 423.5 27.5 73.0
3 320.5 192.5 16.75 24.75
3 328.0 158.0 13.5 27.5
3 335.5 371.5 27.5 56.0
3 342.5 236.5 27.5 37.5
3 339.5 169.0 9.5 22.0
3 360.5 298.5 43.5 59.5
3 361.5 209.5 20.75 47.25
3 379.0 358.0 41.5 84.5
3 373.0 172.0 21.0 29.5
3 388.0 196.0 27.5 32.0
3 387.5 253.0 22.75 32.0
3 401.5 190.0 21.0 27.5
3 404.5 243.5 20.75 43.0
3 426.5 414.0 44.0 78.25
3 425.0 354.5 33.75 79.25
3 423.0 189.5 16.25 30.0
3 457.5 320.0 28.0 55.0
3 498.5 351.5 60.0 81.5
3 502.0 310.0 55.0 67.5
3 522.5 413.0 43.0 68.5
3 530.0 354.5 46.25 50.75
3 576.5 298.5 40.5 45.0
3 583.5 407.0 45.25 64.0
3 585.0 349.0 38.25 45.5
3 618.0 362.0 38.0 71.5
3 614.5 303.5 27.25 49.25
3 630.5 407.5 18.0 63.0
