3 0.375000 0.699219 0.101562 0.163281
3 0.027344 0.695312 0.054688 0.075000
3 0.060156 0.946875 0.120313 0.104688
3 0.018750 0.738281 0.035937 0.080469
3 0.064062 0.703906 0.058594 0.057031
3 0.097656 0.661719 0.046094 0.061719
3 0.178125 0.817187 0.132031 0.153906
3 0.159375 0.935937 0.080469 0.125781
3 0.231250 0.935156 0.167969 0.127344
3 0.232031 0.607031 0.045312 0.078906
3 0.262500 0.650781 0.093750 0.097656
3 0.278906 0.725000 0.111719 0.123438
3 0.304688 0.823438 0.114062 0.130469
3 0.316406 0.612500 0.054688 0.071094
3 0.340625 0.903906 0.096094 0.122656
3 0.410156 0.935156 0.140625 0.127344
3 0.424219 0.803906 0.085156 0.057813
3 0.475000 0.867188 0.118750 0.103906
3 0.469531 0.746875 0.092188 0.132031
3 0.546875 0.950781 0.124219 0.096875
3 0.567969 0.717969 0.102344 0.150000
3 0.595313 0.831250 0.104688 0.125000
3 0.607812 0.636719 0.054688 0.069531
3 0.654687 0.656250 0.085156 0.107813
3 0.679688 0.742969 0.110156 0.155469
3 0.701562 0.609375 0.046094 0.084375
3 0.746875 0.966406 0.117188 0.064844
3 0.735938 0.838281 0.069531 0.092188
3 0.753906 0.702344 0.092188 0.111719
3 0.775000 0.779687 0.088281 0.090625
3 0.803906 0.903125 0.124219 0.167969
3 0.815625 0.670312 0.078125 0.113281
3 0.857812 0.775000 0.092188 0.126562
3 0.864062 0.639844 0.057813 0.085938
3 0.898438 0.879687 0.102344 0.167187
3 0.907031 0.693750 0.076563 0.113281
3 0.927344 0.970313 0.106250 0.057813
3 0.952344 0.782031 0.094531 0.153906
3 0.976562 0.900781 0.045312 0.125000
