2 21.5 505.0 18.5 23.0
2 40.0 510.0 18.0 22.5
2 44.0 208.0 21.5 26.5
2 55.0 225.5 19.0 29.0
2 78.0 243.5 21.0 30.0
2 155.5 497.5 51.0 49.5
2 149.5 317.0 12.5 24.0
2 173.5 293.5 11.0 30.0
2 174.0 282.0 11.5 11.0
2 185.0 558.5 16.0 26.5
2 188.0 275.0 16.5 33.0
2 190.0 588.5 15.0 21.0
2 192.0 395.0 17.0 26.5
2 198.0 325.0 14.0 24.5
2 204.0 405.5 18.0 26.5
2 203.5 589.0 15.0 23.5
2 209.5 291.0 21.0 36.5
2 210.0 598.0 12.5 22.0
2 220.0 407.0 13.0 23.5
2 223.0 332.5 17.5 22.0
2 261.5 157.5 87.5 98.0
2 301.5 76.0 102.0 147.5
2 293.0 551.0 77.5 76.5
2 312.0 301.5 70.0 77.5
2 407.0 200.0 22.5 30.0
2 427.0 134.0 22.5 30.0
2 446.0 74.0 24.0 18.5
2 465.0 55.0 25.0 31.0
2 464.0 126.0 16.5 21.0
2 484.0 65.0 22.5 29.0
2 492.5 124.5 16.0 13.5
2 504.0 82.0 21.0 9.5
2 530.0 488.5 17.0 25.5
2 532.5 512.0 17.0 26.5
2 540.0 475.5 16.5 29.0
2 551.5 422.5 18.0 27.5
2 556.0 404.5 16.0 18.5
2 570.5 405.5 11.5 21.0
2 605.5 529.0 16.0 27.5
2 612.0 591.5 17.0 22.5
2 622.5 600.5 11.5 17.5
2 631.5 538.5 16.5 26.5
2 631.5 591.0 16.5 23.5
