3 216.5 217.5 56.5 77.0
3 17.0 278.5 33.75 109.0
3 17.5 367.0 35.0 78.25
3 29.0 500.0 57.5 94.5
3 48.0 584.0 91.75 108.5
3 81.5 345.5 84.0 73.25
3 92.0 279.0 68.5 69.0
3 103.5 522.5 81.25 120.0
3 132.0 598.5 79.5 80.0
3 135.0 241.0 49.5 56.0
3 169.5 522.5 81.5 133.0
3 172.5 399.0 75.25 106.5
3 178.5 207.0 66.0 88.0
3 215.0 107.0 62.5 77.0
3 239.0 578.5 98.5 97.5
3 227.5 373.0 56.75 73.75
3 242.5 477.0 79.0 105.75
3 279.0 93.0 54.0 64.0
3 296.5 337.5 62.5 89.5
3 311.0 415.0 74.25 81.75
3 332.5 578.5 84.0 120.0
3 346.5 79.0 39.5 56.0
3 367.5 318.5 60.0 70.75
3 383.5 478.5 75.5 102.5
3 388.0 271.0 53.0 65.5
3 416.5 601.5 96.0 73.25
3 394.5 211.0 47.0 61.5
3 401.5 114.5 44.75 72.0
3 429.5 186.5 42.0 69.0
3 453.5 541.0 90.0 99.0
3 435.5 358.5 49.0 80.0
3 448.5 257.0 51.5 46.5
3 444.5 70.5 33.25 54.75
3 459.5 464.0 59.0 80.0
3 470.5 169.0 33.25 53.5
3 477.5 114.5 42.0 49.25
3 475.0 85.0 30.0 38.5
3 511.5 533.5 69.25 97.25
3 511.5 365.5 57.5 88.0
3 512.5 438.5 50.75 93.0
3 511.0 170.5 39.75 69.0
3 549.5 216.0 47.0 70.25
3 554.0 454.5 32.5 96.0
3 580.0 452.0 31.0 85.0
3 590.0 383.0 48.5 69.5
3 608.0 314.5 60.5 72.0
3 627.5 377.0 23.0 74.5
