0 365.5 561.5 96.0 65.0
0 13.5 274.0 27.0 20.5
0 16.0 289.5 32.0 25.25
0 20.5 462.5 41.0 36.0
0 29.0 502.5 57.75 59.25
0 101.0 182.0 153.5 35.0
0 52.0 277.5 45.0 22.0
0 110.0 398.0 94.5 50.5
0 115.0 324.5 43.75 22.0
0 167.0 313.5 60.0 36.75
0 169.5 291.0 55.0 20.5
0 208.0 418.5 103.75 52.0
0 201.0 385.5 84.5 39.5
0 281.5 551.0 235.25 118.25
0 233.0 312.0 54.0 31.75
0 239.5 292.0 59.0 19.5
0 360.5 163.0 183.0 36.0
0 475.5 234.0 239.5 54.5
0 442.0 314.5 60.0 40.0
0 484.5 321.5 78.0 39.25
0 489.0 344.0 74.0 24.0
0 532.0 292.0 70.5 29.0
0 560.0 398.0 93.5 50.5
0 554.0 318.0 79.5 45.0
0 597.0 435.5 83.0 65.5
0 627.0 402.5 23.0 24.5
