3 208.0 339.0 76.0 67.75
3 18.0 606.5 35.5 42.0
3 89.0 230.5 44.0 62.5
3 100.0 397.5 29.0 53.5
3 104.0 428.5 35.75 35.0
3 122.5 206.5 23.25 25.0
3 138.0 242.5 35.75 40.75
3 192.0 270.5 43.5 64.0
3 253.5 293.0 48.0 56.0
3 291.0 511.0 42.5 81.5
3 305.0 126.0 30.0 48.25
3 322.5 577.0 48.0 44.0
3 332.0 352.5 51.5 82.0
3 340.0 183.0 44.5 59.0
3 341.5 104.5 37.25 54.0
3 373.0 40.5 58.5 80.75
3 367.0 587.5 41.75 43.0
3 397.0 560.5 46.25 48.0
3 423.0 275.0 58.5 92.25
3 572.5 578.0 39.25 52.5
3 593.0 152.5 37.5 82.75
3 618.0 560.5 42.25 64.0
3 629.5 249.0 20.0 47.0
