3 208.0 339.0 76.0 67.5
3 18.0 606.5 35.75 42.0
3 89.0 230.5 44.0 62.5
3 100.0 397.5 28.5 53.25
3 104.0 428.5 35.5 35.0
3 122.5 206.5 23.5 25.0
3 138.0 242.5 35.5 40.5
3 192.0 270.5 43.5 64.0
3 253.5 293.0 48.0 56.0
3 291.0 511.0 43.0 81.0
3 305.0 126.0 30.0 48.25
3 322.5 577.0 48.0 44.0
3 332.0 352.5 51.0 82.0
3 340.0 183.0 44.25 58.5
3 341.5 104.5 37.25 54.0
3 373.0 40.5 59.0 80.5
3 367.0 587.5 41.75 43.0
3 397.0 560.5 46.5 48.0
3 423.0 275.0 58.5 92.25
3 572.5 578.0 39.5 53.0
3 593.0 152.5 37.5 82.75
3 618.0 560.5 42.5 64.0
3 629.5 249.0 20.0 46.5
