3 16.5 258.5 33.0 105.0
3 23.0 461.5 46.0 106.0
3 105.0 368.0 50.0 77.5
3 155.0 407.0 88.5 88.0
3 147.5 502.5 69.0 120.0
3 161.5 331.0 26.5 26.5
3 188.5 73.0 34.0 45.5
3 208.0 480.0 73.0 124.0
3 185.5 545.5 24.0 43.5
3 210.5 137.0 73.0 116.0
3 222.0 587.0 91.0 105.0
3 237.5 269.5 48.5 66.0
3 297.5 207.0 63.0 88.0
3 305.5 281.0 62.5 39.5
3 309.0 542.5 34.5 49.0
3 303.0 360.0 16.0 38.5
3 351.0 451.5 88.0 102.5
3 343.0 219.0 52.5 95.5
3 364.5 146.0 58.5 121.0
3 398.5 226.5 64.5 107.0
3 416.5 132.0 53.5 99.0
3 448.5 547.5 55.5 62.5
3 466.5 341.0 84.0 122.0
3 468.5 418.0 21.5 34.0
3 469.0 221.0 12.0 37.0
3 517.0 294.5 78.0 124.0
