3 241.5 493.0 94.5 120.5
3 105.0 226.0 71.0 105.0
3 123.0 335.0 84.25 104.25
3 161.0 183.0 64.25 91.75
3 178.0 257.5 84.5 90.0
3 200.0 356.5 95.5 110.75
3 181.0 440.5 52.0 112.75
3 192.0 100.5 64.5 94.0
3 223.0 193.0 52.0 74.0
3 238.5 412.5 56.75 63.0
3 246.0 129.0 62.0 89.5
3 251.0 263.5 56.25 81.25
3 291.0 188.0 76.0 81.5
3 295.0 325.0 84.0 106.5
3 300.5 249.0 78.0 65.0
3 302.0 417.5 64.5 87.25
3 319.0 120.0 70.25 73.75
3 337.0 461.0 79.75 98.0
3 343.5 254.0 49.5 70.5
3 357.5 74.5 66.5 79.5
3 362.5 196.0 66.0 93.5
3 377.0 356.5 82.0 97.0
3 376.0 139.5 59.75 58.75
3 388.5 307.0 60.75 74.5
3 392.0 452.5 52.0 81.5
3 394.0 222.5 40.0 78.75
3 416.0 110.0 65.0 91.0
3 419.0 182.5 40.0 54.0
3 437.5 249.5 71.5 86.0
3 445.5 73.0 49.0 59.75
3 460.5 409.5 70.0 88.0
3 469.5 143.0 61.0 66.5
3 491.0 206.0 74.5 91.5
3 500.0 323.0 74.25 103.75
3 511.5 387.0 43.0 72.25
3 544.0 247.5 52.0 70.75
3 556.0 310.0 63.5 88.0
