2 22.0 262.0 31.0 41.0
2 57.0 309.0 36.0 94.0
2 79.0 243.0 22.0 35.0
2 85.5 326.0 21.0 47.0
2 143.5 298.5 35.5 113.5
2 189.5 332.0 21.0 65.75
2 208.5 278.5 26.75 96.0
2 238.0 290.0 27.5 53.5
2 249.5 222.5 13.0 18.0
2 257.5 259.5 14.75 55.25
2 285.5 325.0 18.75 31.75
2 295.5 337.0 12.75 22.25
2 311.5 243.0 29.25 94.25
2 323.5 331.0 35.0 116.5
2 353.5 274.5 32.75 68.0
2 375.0 220.0 12.25 44.25
2 393.5 249.0 17.25 26.5
2 438.5 304.0 25.0 35.5
2 485.5 318.5 22.75 67.0
2 493.5 196.0 24.0 22.25
2 495.0 226.0 27.75 42.0
2 504.0 274.0 22.0 40.25
2 516.5 306.5 23.0 64.5
2 608.0 228.5 14.0 26.0
