3 6.0 217.0 12.0 31.0
3 6.5 357.5 13.0 27.0
3 8.5 440.5 16.5 27.0
3 10.0 239.0 13.5 12.5
3 15.0 173.0 21.5 24.5
3 12.5 93.5 15.5 24.5
3 20.5 570.5 20.0 31.0
3 25.0 63.5 22.5 21.5
3 30.5 432.0 23.5 31.0
3 43.0 476.5 25.5 36.0
3 59.0 622.5 19.5 26.0
3 67.5 17.0 20.0 25.0
3 76.0 203.0 16.5 17.5
3 95.0 392.5 21.0 23.5
3 102.0 296.0 24.5 26.5
3 110.0 67.5 20.0 28.0
3 116.5 129.5 22.5 26.5
3 116.0 590.0 19.0 28.5
3 117.5 166.5 16.0 23.0
3 117.0 563.0 12.0 28.5
3 143.0 264.5 25.0 30.0
3 138.5 297.0 15.5 15.5
3 143.5 473.0 12.0 18.5
3 147.5 356.0 13.5 16.0
3 152.0 18.5 20.5 23.0
3 156.5 447.5 24.5 34.0
3 160.0 502.0 11.0 28.0
3 164.5 49.0 10.0 23.0
3 187.0 72.0 20.0 26.5
3 200.0 95.0 17.5 21.5
3 204.5 146.5 16.5 26.5
3 204.5 301.5 14.0 14.5
3 211.0 522.5 20.0 26.0
3 214.0 7.5 22.0 15.0
3 234.5 379.0 56.0 88.5
3 226.0 253.0 22.0 24.5
3 255.0 78.5 19.5 26.0
3 276.5 165.0 17.5 26.0
3 279.0 263.0 22.0 31.5
3 281.0 363.0 19.0 28.0
3 284.0 494.0 23.0 28.0
3 285.5 303.0 20.0 29.5
3 306.5 305.0 22.0 32.5
3 324.0 14.5 15.5 23.5
3 329.5 126.0 13.5 26.5
3 357.5 166.0 19.0 27.0
3 357.5 569.5 9.0 20.0
3 369.0 138.5 20.5 30.0
3 387.0 297.5 22.0 25.0
3 392.0 43.5 11.5 12.5
3 405.5 14.0 16.5 20.5
3 410.0 615.5 19.5 17.5
3 412.5 64.5 22.5 35.5
3 418.5 435.0 20.0 31.0
3 435.0 103.0 25.5 30.0
3 433.5 165.0 22.0 30.0
3 435.0 501.0 19.5 28.5
3 450.0 387.0 19.5 28.5
3 458.0 416.0 11.5 15.5
3 474.5 408.5 21.0 25.0
3 477.5 146.5 21.0 31.0
3 476.5 34.5 11.5 14.5
3 501.0 77.0 23.5 26.0
3 505.5 546.0 22.0 32.5
3 505.5 222.5 20.0 26.0
3 512.0 315.5 21.5 28.5
3 509.0 135.5 12.0 17.5
3 514.5 469.0 18.0 25.0
3 514.0 183.0 6.5 21.5
3 527.0 230.5 21.0 21.5
3 537.0 352.0 15.0 28.5
3 539.5 156.0 17.5 23.5
3 541.5 622.0 21.5 31.0
3 545.0 587.5 16.5 25.0
3 598.5 348.0 19.0 26.5
3 601.0 18.0 20.5 26.5
3 611.0 609.0 28.0 34.5
3 614.5 213.0 16.5 21.5
3 612.5 45.0 10.0 13.5
3 618.5 321.5 20.5 22.0
3 628.5 489.0 21.0 29.5
3 634.0 333.0 11.5 9.5
