3 121.0 506.0 54.5 84.5
3 45.0 606.5 36.0 66.5
3 74.0 625.5 66.25 27.25
3 93.5 575.5 41.5 49.5
3 122.0 576.5 50.0 40.5
3 110.5 616.0 25.0 41.0
3 139.5 592.5 45.0 60.75
3 158.0 543.5 51.75 44.75
3 167.0 463.0 44.5 74.0
3 181.0 619.0 63.5 40.5
3 196.0 566.0 35.5 66.5
3 196.0 496.5 23.5 52.0
3 207.0 371.0 41.75 48.0
3 217.0 427.5 61.0 86.0
3 231.5 583.0 47.0 78.5
3 239.0 306.5 61.5 74.0
3 227.5 503.5 17.0 61.0
3 252.5 590.5 50.0 71.0
3 246.5 508.5 31.0 77.5
3 241.5 392.5 17.0 29.0
3 257.5 254.5 44.75 59.25
3 280.0 172.5 59.5 70.75
3 281.0 435.0 60.25 86.0
3 271.0 524.5 17.5 63.5
3 288.5 512.0 31.0 62.5
3 300.0 267.5 44.25 62.75
3 303.0 306.5 46.5 67.0
3 324.0 446.0 69.5 94.0
3 328.0 351.5 55.75 75.25
3 336.5 188.5 40.0 73.0
3 347.5 270.0 43.0 88.0
3 348.5 44.5 29.25 89.0
3 375.5 104.5 63.0 63.25
3 383.5 342.5 69.0 87.0
3 367.5 59.0 32.0 61.5
3 403.5 219.5 91.0 130.0
3 382.0 18.0 46.0 36.0
3 407.0 46.5 46.5 93.0
3 424.0 138.5 37.0 56.5
3 444.5 281.0 69.0 90.0
3 445.0 57.5 59.0 108.0
3 460.0 133.5 42.0 67.0
3 470.0 210.5 56.5 58.75
3 469.0 15.0 35.0 29.5
3 492.0 73.5 35.5 83.0
3 512.0 156.5 61.5 108.0
3 514.0 27.0 59.0 54.0
3 529.5 65.5 65.25 59.0
3 561.5 137.5 61.0 96.5
