3 5.5 19.5 11.0 27.0
3 18.5 108.5 36.0 52.5
3 25.0 208.5 32.5 43.0
3 31.5 393.5 17.0 19.0
3 29.5 278.5 12.0 35.0
3 57.0 314.0 26.0 13.0
3 61.0 19.0 21.5 33.0
3 77.5 366.5 26.5 42.0
3 88.0 320.0 30.0 42.0
3 95.5 86.5 22.0 29.0
3 107.0 153.0 28.0 35.0
3 100.0 371.0 13.0 30.5
3 110.5 410.0 31.5 40.0
3 144.0 421.5 41.0 57.5
3 187.0 244.5 85.0 83.0
3 168.0 91.0 30.5 46.0
3 173.5 20.5 33.0 40.5
3 177.5 65.5 21.5 26.5
3 211.0 448.5 22.5 36.5
3 221.0 359.5 35.0 47.0
3 244.5 503.5 36.5 45.0
3 284.5 120.0 102.5 99.0
3 276.0 622.0 25.5 28.5
3 299.0 594.0 30.0 51.5
3 298.5 12.0 15.5 24.0
3 321.5 593.0 23.5 47.0
3 323.0 17.0 23.5 30.0
3 327.5 372.0 16.5 34.5
3 379.0 301.0 25.5 34.5
3 387.0 134.5 26.0 39.5
3 414.5 70.0 26.5 37.5
3 415.5 464.0 28.0 37.0
3 436.5 88.5 23.5 35.0
3 439.5 259.5 15.0 34.0
3 453.0 110.0 27.0 42.5
3 457.5 322.5 28.0 36.0
3 461.0 283.5 22.0 16.5
3 470.5 546.0 39.5 50.5
3 478.0 10.0 23.0 20.0
3 482.5 88.5 25.0 25.5
3 506.5 421.0 26.0 33.5
3 512.5 153.5 24.0 37.0
3 520.0 511.0 26.5 33.5
3 524.5 52.5 25.5 36.5
3 535.5 194.0 31.0 42.5
3 538.0 636.0 20.0 6.0
3 551.0 356.5 18.5 30.0
3 557.0 259.0 19.0 37.5
3 598.5 103.5 81.0 90.5
3 583.5 562.5 36.5 50.5
3 583.5 256.5 28.5 41.0
3 624.5 249.5 17.5 43.0
