3 437.0 341.5 67.0 86.5
3 8.0 248.0 10.0 30.0
3 18.5 254.0 7.25 28.5
3 30.5 256.5 5.0 30.0
3 34.0 270.5 11.75 43.25
3 46.0 269.5 11.75 39.25
3 56.0 274.0 13.0 36.5
3 67.5 289.5 11.0 36.5
3 92.0 292.0 19.75 39.5
3 107.5 300.5 20.0 41.25
3 129.0 302.0 19.5 38.5
3 141.5 312.5 25.0 53.0
3 159.0 323.5 16.0 57.0
3 175.0 327.5 22.25 53.0
3 198.5 330.0 29.25 56.5
3 221.0 344.5 44.0 53.0
3 220.0 437.5 21.75 34.0
3 220.0 409.0 13.0 43.0
3 238.5 413.5 24.0 46.75
3 239.5 453.0 22.0 42.25
3 251.5 356.5 39.25 75.0
3 260.0 297.0 27.5 48.25
3 269.5 426.0 38.0 55.5
3 270.0 239.0 37.0 54.0
3 274.5 186.0 28.0 40.5
3 281.0 482.0 29.75 57.75
3 290.0 369.5 42.0 70.75
3 293.0 298.0 35.75 52.5
3 300.5 244.0 45.0 56.5
3 300.0 191.5 35.0 43.0
3 301.0 449.0 30.0 57.5
3 314.5 510.0 47.0 60.25
3 329.5 382.5 57.0 75.5
3 330.5 314.0 50.75 69.75
3 331.0 248.5 42.5 53.0
3 337.5 197.0 39.25 56.0
3 340.0 459.0 40.5 63.5
3 357.0 528.5 45.0 57.0
3 382.5 399.0 75.0 89.75
3 381.0 254.5 57.75 63.0
3 375.0 194.0 40.5 49.5
3 392.0 482.0 64.5 68.25
3 409.0 554.0 57.5 79.75
3 423.0 267.0 62.0 83.75
3 420.5 199.0 47.0 54.0
3 445.0 429.0 74.5 83.5
3 458.5 501.0 62.0 72.5
3 475.5 194.5 63.0 77.25
3 494.0 365.0 64.0 94.0
3 518.0 449.5 67.5 82.75
3 522.5 518.0 58.0 56.25
3 540.0 216.5 86.0 99.0
3 552.5 294.5 73.0 73.0
3 563.0 376.5 59.75 83.25
3 578.5 465.0 64.5 75.5
