2 42.0 439.0 84.0 140.5
2 137.5 596.5 78.0 85.0
2 150.5 364.5 83.5 55.0
2 180.0 290.0 85.5 113.0
2 205.5 557.0 53.5 74.5
2 263.0 574.5 138.0 129.5
2 235.5 133.5 72.5 95.0
2 257.5 262.0 103.0 109.0
2 278.0 467.5 100.0 85.0
2 277.5 335.0 88.5 37.5
2 308.0 148.5 94.5 128.5
2 338.5 570.0 76.0 123.0
2 351.5 346.5 48.5 58.5
2 371.0 99.0 83.0 80.0
2 390.0 475.0 90.0 91.0
2 401.5 624.5 103.5 29.0
2 442.5 264.5 93.0 88.5
2 474.5 104.0 104.5 128.5
2 466.5 202.5 84.5 64.5
2 486.5 471.0 104.0 124.0
2 511.5 575.5 122.5 126.0
2 550.5 169.5 87.0 107.0
2 550.0 238.5 78.5 22.5
2 585.0 479.5 108.5 142.5
2 620.0 360.0 39.0 96.0
