3 0.105469 0.203125 0.038281 0.064844
3 0.133594 0.191406 0.048438 0.077344
3 0.246875 0.484375 0.032031 0.044531
3 0.255469 0.407031 0.037500 0.062500
3 0.285938 0.478906 0.043750 0.074219
3 0.392188 0.360156 0.038281 0.067969
3 0.450000 0.446094 0.050000 0.074219
3 0.487500 0.163281 0.038281 0.060937
3 0.492188 0.102344 0.043750 0.042188
3 0.532813 0.188281 0.050781 0.076563
3 0.583594 0.519531 0.051562 0.077344
3 0.601562 0.588281 0.047656 0.074219
3 0.628125 0.453906 0.057813 0.077344
3 0.650000 0.560937 0.050000 0.071875
3 0.667188 0.319531 0.055469 0.083594
3 0.689063 0.609375 0.047656 0.086719
3 0.708594 0.292969 0.039062 0.044531
3 0.713281 0.341406 0.039844 0.069531
