3 239.0 184.0 55.0 66.5
3 117.0 348.0 66.5 126.5
3 164.0 294.5 87.5 123.0
3 181.5 441.5 87.5 114.0
3 206.5 216.5 39.0 32.5
3 247.5 119.5 54.0 81.5
3 246.5 244.0 38.0 21.5
3 271.0 78.5 51.0 68.0
3 276.5 157.5 51.5 54.5
3 281.0 212.0 46.0 70.0
3 303.0 126.5 36.0 65.5
3 301.0 254.5 26.5 40.0
3 314.0 170.5 25.0 43.0
3 325.0 202.0 42.0 62.0
3 341.5 259.0 50.0 68.0
3 344.0 141.0 34.0 45.5
3 362.0 163.0 46.0 75.0
3 402.5 379.0 108.0 101.5
3 399.0 492.5 97.0 133.5
3 382.0 298.0 47.5 54.0
3 387.5 218.5 39.0 67.0
3 401.5 104.0 47.0 60.5
3 417.0 249.5 54.5 77.5
3 426.5 167.0 61.0 57.5
3 430.0 307.5 55.0 66.5
3 474.0 467.5 59.0 135.5
3 479.5 159.0 54.0 59.5
3 488.0 312.5 51.0 76.0
3 494.5 223.0 56.5 74.0
3 493.0 350.0 32.0 41.0
3 527.0 172.5 61.5 93.5
3 526.0 298.0 23.5 56.5
3 542.0 235.0 36.5 62.0
3 565.0 196.5 20.0 31.0
